1	1	0.73307
2	1	0.63846
3	1	0.27690
4	1	-0.05382
5	1	-0.04239
6	1	-0.01619
7	1	0.02785
8	1	-0.01607
9	1	0.02041
10	1	-0.00257
11	1	0.00952
12	1	-0.00554
13	1	-0.00151
14	1	-0.00313
15	1	-0.01251
16	1	0.00826
17	1	-0.00788
18	1	-0.01006
19	1	-0.00434
20	1	-0.01171
21	1	-0.00211
22	1	0.00026
23	1	0.00153
24	1	0.00214
25	1	0.01051
26	1	-0.00852
27	1	-0.00338
28	1	-0.00250
29	1	0.00018
30	1	0.00196
31	1	0.00141
32	1	-0.00172
33	1	0.00183
34	1	-0.00211
35	1	0.00530
36	1	-0.00144
37	1	-0.00348
38	1	0.00015
39	1	0.00242
40	1	0.00390
41	1	-0.00018
42	1	-0.00895
43	1	0.00418
44	1	0.00448
45	1	-0.00110
46	1	0.00302
47	1	0.00355
48	1	0.00087
49	1	-0.00206
50	1	0.00634
51	1	-0.00423
52	1	-0.00230
53	1	0.00035
54	1	-0.00007
55	1	-0.00056
56	1	0.00068
57	1	0.00167
58	1	-0.00375
59	1	0.00002
60	1	0.00968
61	1	0.00000
62	1	0.00015
63	1	-0.00041
64	1	0.00003
65	1	-0.00068
66	1	0.00032
67	1	-0.00045
68	1	0.00029
69	1	0.00004
70	1	-0.00005
71	1	-0.00007
1	2	0.69187
2	2	-0.66978
3	2	-0.26448
4	2	-0.08673
5	2	-0.09146
6	2	-0.02156
7	2	0.06027
8	2	-0.03928
9	2	0.02331
10	2	0.00792
11	2	0.01806
12	2	-0.01253
13	2	0.00425
14	2	-0.01795
15	2	-0.01812
16	2	0.00974
17	2	-0.01272
18	2	-0.01056
19	2	-0.00449
20	2	-0.01597
21	2	0.00035
22	2	-0.00068
23	2	-0.00003
24	2	0.00504
25	2	0.01369
26	2	-0.01182
27	2	-0.00524
28	2	-0.00604
29	2	0.00052
30	2	0.00279
31	2	-0.00123
32	2	-0.00105
33	2	0.00221
34	2	-0.00317
35	2	0.00711
36	2	-0.00127
37	2	-0.00611
38	2	0.00117
39	2	0.00533
40	2	0.00860
41	2	-0.00179
42	2	-0.01330
43	2	0.00427
44	2	0.00930
45	2	-0.00421
46	2	0.00671
47	2	0.00558
48	2	0.00220
49	2	-0.00152
50	2	0.00830
51	2	-0.00777
52	2	-0.00270
53	2	0.00004
54	2	0.00127
55	2	-0.00077
56	2	0.00013
57	2	0.00131
58	2	-0.00531
59	2	0.00222
60	2	0.01481
61	2	-0.00010
62	2	0.00008
63	2	-0.00044
64	2	-0.00029
65	2	-0.00099
66	2	0.00006
67	2	-0.00037
68	2	0.00071
69	2	-0.00002
70	2	-0.00009
71	2	0.00020
1	3	0.08307
2	3	-0.41094
3	3	0.90793
4	3	0.09755
5	3	0.07922
6	3	0.01087
7	3	-0.02932
8	3	0.00673
9	3	-0.01175
10	3	-0.00644
11	3	-0.01029
12	3	0.00357
13	3	-0.01267
14	3	0.02205
15	3	0.01473
16	3	-0.00182
17	3	0.01282
18	3	0.00492
19	3	-0.00405
20	3	0.01121
21	3	-0.00251
22	3	0.00497
23	3	0.01206
24	3	0.00008
25	3	-0.01025
26	3	0.01011
27	3	0.00120
28	3	0.00463
29	3	0.00025
30	3	-0.00268
31	3	0.00610
32	3	-0.00068
33	3	0.00063
34	3	0.00189
35	3	-0.00341
36	3	0.00172
37	3	0.00298
38	3	-0.00349
39	3	-0.00628
40	3	-0.01049
41	3	0.00148
42	3	0.00547
43	3	-0.00080
44	3	-0.00924
45	3	0.00935
46	3	-0.00732
47	3	-0.00620
48	3	-0.00265
49	3	0.00040
50	3	-0.00871
51	3	0.00966
52	3	0.00248
53	3	0.00127
54	3	-0.00191
55	3	0.00053
56	3	0.00008
57	3	-0.00172
58	3	0.00178
59	3	0.00086
60	3	-0.01127
61	3	0.00020
62	3	0.00004
63	3	-0.00001
64	3	0.00039
65	3	0.00056
66	3	0.00014
67	3	0.00006
68	3	-0.00048
69	3	0.00001
70	3	-0.00001
71	3	0.00007
1	4	0.00204
2	4	-0.02077
3	4	0.02501
4	4	-0.99518
5	4	0.18425
6	4	0.02528
7	4	-0.00174
8	4	0.01463
9	4	0.00184
10	4	0.00642
11	4	-0.00111
12	4	-0.01228
13	4	0.00161
14	4	-0.01001
15	4	-0.00608
16	4	0.00634
17	4	0.00075
18	4	-0.00115
19	4	-0.00066
20	4	-0.00186
21	4	0.00017
22	4	0.00582
23	4	0.00384
24	4	0.00113
25	4	0.00089
26	4	-0.00046
27	4	0.00144
28	4	0.00106
29	4	-0.00014
30	4	0.00053
31	4	0.00318
32	4	-0.00014
33	4	0.00000
34	4	-0.00195
35	4	0.00018
36	4	0.00056
37	4	0.00255
38	4	-0.00029
39	4	0.00011
40	4	-0.00165
41	4	-0.00018
42	4	0.00008
43	4	0.00013
44	4	0.00109
45	4	0.00012
46	4	0.00028
47	4	0.00066
48	4	0.00034
49	4	-0.00132
50	4	0.00109
51	4	-0.00201
52	4	-0.00008
53	4	-0.00083
54	4	-0.00174
55	4	-0.00049
56	4	0.00163
57	4	0.00100
58	4	-0.00217
59	4	-0.00098
60	4	0.00205
61	4	0.00023
62	4	0.00038
63	4	0.00020
64	4	0.00025
65	4	0.00035
66	4	0.00023
67	4	-0.00020
68	4	-0.00033
69	4	0.00000
70	4	0.00001
71	4	-0.00009
1	5	0.01234
2	5	0.01764
3	5	0.02143
4	5	0.19280
5	5	0.96792
6	5	0.03595
7	5	0.02495
8	5	-0.06732
9	5	0.01845
10	5	0.00676
11	5	0.00618
12	5	0.00380
13	5	0.00920
14	5	0.00032
15	5	0.00780
16	5	0.00248
17	5	0.00005
18	5	0.00513
19	5	0.00105
20	5	-0.00568
21	5	0.00190
22	5	-0.00597
23	5	-0.00190
24	5	0.00532
25	5	-0.00155
26	5	0.00012
27	5	-0.00036
28	5	-0.00234
29	5	0.00030
30	5	-0.00073
31	5	0.00052
32	5	0.00009
33	5	0.00128
34	5	-0.00081
35	5	0.00522
36	5	-0.00168
37	5	-0.00472
38	5	0.00067
39	5	0.00052
40	5	0.00083
41	5	-0.00035
42	5	-0.00201
43	5	0.00063
44	5	-0.00032
45	5	-0.00016
46	5	-0.00027
47	5	0.00136
48	5	-0.00034
49	5	-0.00076
50	5	0.00092
51	5	-0.00171
52	5	-0.00012
53	5	-0.00064
54	5	0.00009
55	5	-0.00011
56	5	0.00053
57	5	-0.00059
58	5	-0.00073
59	5	0.00156
60	5	0.00034
61	5	-0.00001
62	5	0.00006
63	5	-0.00001
64	5	0.00010
65	5	0.00055
66	5	0.00002
67	5	0.00014
68	5	0.00004
69	5	-0.00002
70	5	-0.00004
71	5	0.00002
1	6	-0.01821
2	6	0.02483
3	6	0.04936
4	6	-0.01551
5	6	-0.07259
6	6	0.98223
7	6	0.11517
8	6	-0.00304
9	6	0.04326
10	6	-0.01402
11	6	-0.00787
12	6	-0.02937
13	6	0.00217
14	6	-0.00873
15	6	-0.01440
16	6	0.00938
17	6	-0.00862
18	6	-0.00613
19	6	-0.00181
20	6	0.00323
21	6	-0.00707
22	6	0.00063
23	6	-0.00665
24	6	-0.00523
25	6	-0.00532
26	6	-0.00149
27	6	0.00325
28	6	0.00105
29	6	-0.00001
30	6	0.00032
31	6	-0.00103
32	6	0.00295
33	6	-0.00369
34	6	0.00193
35	6	-0.01199
36	6	-0.00039
37	6	0.00265
38	6	0.00340
39	6	0.00260
40	6	0.00251
41	6	0.00028
42	6	0.00183
43	6	-0.00341
44	6	0.00659
45	6	-0.00189
46	6	0.00698
47	6	0.00213
48	6	0.00052
49	6	0.00356
50	6	0.00015
51	6	-0.00624
52	6	0.00137
53	6	0.00064
54	6	-0.00227
55	6	-0.00013
56	6	0.00064
57	6	0.00001
58	6	-0.00240
59	6	-0.00101
60	6	0.00535
61	6	0.00011
62	6	0.00012
63	6	-0.00002
64	6	-0.00009
65	6	-0.00047
66	6	0.00005
67	6	-0.00020
68	6	0.00003
69	6	-0.00001
70	6	0.00006
71	6	-0.00003
1	7	-0.01257
2	7	-0.01665
3	7	0.01127
4	7	-0.02387
5	7	-0.05705
6	7	0.07125
7	7	-0.55689
8	7	-0.81069
9	7	0.08189
10	7	-0.00075
11	7	-0.01099
12	7	-0.02122
13	7	0.00384
14	7	-0.00466
15	7	0.00320
16	7	0.00802
17	7	0.00356
18	7	0.00424
19	7	-0.00157
20	7	-0.00367
21	7	0.00135
22	7	0.00315
23	7	0.00116
24	7	0.00012
25	7	0.00108
26	7	-0.00018
27	7	-0.00017
28	7	0.00175
29	7	-0.00030
30	7	-0.00290
31	7	0.00148
32	7	-0.00110
33	7	-0.00017
34	7	-0.00031
35	7	0.00259
36	7	-0.00013
37	7	-0.00051
38	7	0.00024
39	7	-0.00004
40	7	-0.00140
41	7	0.00145
42	7	-0.00040
43	7	-0.00005
44	7	-0.00184
45	7	0.00243
46	7	-0.00014
47	7	0.00161
48	7	-0.00087
49	7	-0.00029
50	7	0.00128
51	7	-0.00045
52	7	-0.00071
53	7	0.00091
54	7	0.00060
55	7	-0.00013
56	7	-0.00026
57	7	0.00066
58	7	-0.00103
59	7	0.00057
60	7	0.00074
61	7	-0.00016
62	7	-0.00010
63	7	-0.00024
64	7	-0.00012
65	7	-0.00045
66	7	-0.00010
67	7	0.00003
68	7	0.00017
69	7	-0.00001
70	7	0.00004
71	7	0.00006
1	8	0.01141
2	8	-0.04808
3	8	-0.00194
4	8	0.04962
5	8	0.07195
6	8	0.08463
7	8	-0.83689
8	8	0.57372
9	8	0.03237
10	8	-0.01426
11	8	-0.03557
12	8	0.01063
13	8	-0.00486
14	8	0.00545
15	8	-0.00710
16	8	0.00132
17	8	-0.00126
18	8	0.00118
19	8	0.00099
20	8	0.00706
21	8	-0.00614
22	8	-0.01006
23	8	-0.00012
24	8	-0.00106
25	8	-0.00556
26	8	0.00190
27	8	-0.00024
28	8	-0.00267
29	8	0.00107
30	8	0.00124
31	8	-0.00424
32	8	-0.00039
33	8	-0.00160
34	8	0.00171
35	8	-0.01012
36	8	0.00184
37	8	-0.00338
38	8	-0.00214
39	8	0.00351
40	8	0.00172
41	8	-0.00137
42	8	-0.00256
43	8	0.00118
44	8	0.00496
45	8	-0.00188
46	8	-0.00103
47	8	-0.00044
48	8	0.00186
49	8	0.00007
50	8	-0.00216
51	8	0.00396
52	8	-0.00187
53	8	-0.00067
54	8	0.00176
55	8	0.00045
56	8	-0.00011
57	8	-0.00226
58	8	0.00564
59	8	0.00171
60	8	0.00178
61	8	0.00011
62	8	0.00002
63	8	-0.00005
64	8	-0.00024
65	8	-0.00068
66	8	0.00010
67	8	-0.00010
68	8	0.00034
69	8	-0.00003
70	8	-0.00002
71	8	-0.00000
1	9	0.00631
2	9	-0.08914
3	9	-0.07518
4	9	-0.00461
5	9	-0.01647
6	9	-0.04955
7	9	0.07019
8	9	0.05121
9	9	0.99123
10	9	0.11284
11	9	0.01328
12	9	0.02156
13	9	-0.00116
14	9	-0.01481
15	9	-0.00822
16	9	0.00702
17	9	0.01646
18	9	0.00365
19	9	0.00235
20	9	-0.00676
21	9	-0.00671
22	9	0.00329
23	9	0.01468
24	9	0.00147
25	9	0.01136
26	9	-0.00615
27	9	-0.00550
28	9	-0.00063
29	9	0.00041
30	9	-0.00213
31	9	0.00293
32	9	-0.00346
33	9	0.00277
34	9	-0.00406
35	9	0.00832
36	9	0.00264
37	9	-0.00963
38	9	-0.00189
39	9	-0.00116
40	9	-0.00304
41	9	-0.00193
42	9	-0.00919
43	9	0.00375
44	9	-0.00819
45	9	0.00339
46	9	-0.00617
47	9	0.00012
48	9	-0.00245
49	9	-0.00325
50	9	0.00095
51	9	0.00269
52	9	0.00152
53	9	0.00134
54	9	-0.00092
55	9	-0.00030
56	9	0.00054
57	9	-0.00012
58	9	0.00205
59	9	-0.00167
60	9	0.00129
61	9	0.00010
62	9	0.00005
63	9	-0.00010
64	9	-0.00006
65	9	-0.00061
66	9	0.00022
67	9	-0.00022
68	9	0.00009
69	9	0.00005
70	9	-0.00002
71	9	0.00004
1	10	-0.00914
2	10	0.00755
3	10	0.02008
4	10	-0.01314
5	10	-0.02846
6	10	0.00145
7	10	-0.02496
8	10	0.01223
9	10	-0.10210
10	10	0.99039
11	10	-0.03238
12	10	-0.07353
13	10	0.01202
14	10	-0.00998
15	10	0.01165
16	10	-0.00612
17	10	-0.01164
18	10	-0.00425
19	10	0.00267
20	10	0.00828
21	10	-0.00408
22	10	0.00455
23	10	-0.00543
24	10	-0.00319
25	10	-0.00993
26	10	0.00759
27	10	0.00712
28	10	0.00011
29	10	-0.00137
30	10	-0.00513
31	10	0.00430
32	10	0.00191
33	10	-0.00168
34	10	0.00212
35	10	-0.00336
36	10	0.00250
37	10	0.00361
38	10	-0.00085
39	10	-0.00276
40	10	-0.00138
41	10	-0.00093
42	10	0.00388
43	10	-0.00498
44	10	-0.00062
45	10	0.00055
46	10	0.00224
47	10	0.00209
48	10	0.00031
49	10	0.00006
50	10	0.00040
51	10	-0.00249
52	10	0.00066
53	10	0.00129
54	10	-0.00042
55	10	-0.00163
56	10	0.00006
57	10	0.00057
58	10	-0.00311
59	10	0.00002
60	10	0.00059
61	10	-0.00011
62	10	-0.00018
63	10	0.00009
64	10	-0.00021
65	10	0.00037
66	10	-0.00028
67	10	0.00020
68	10	0.00002
69	10	-0.00003
70	10	0.00008
71	10	-0.00004
1	11	0.01110
2	11	-0.06004
3	11	-0.01918
4	11	-0.00200
5	11	-0.00809
6	11	0.00782
7	11	-0.06680
8	11	0.04089
9	11	0.00727
10	11	0.02088
11	11	0.99814
12	11	-0.09144
13	11	0.03681
14	11	0.00151
15	11	0.03366
16	11	0.01109
17	11	0.00445
18	11	-0.00803
19	11	0.00450
20	11	-0.00771
21	11	0.00210
22	11	0.00080
23	11	0.00360
24	11	-0.00216
25	11	-0.00322
26	11	0.00113
27	11	-0.00059
28	11	0.00085
29	11	-0.00136
30	11	-0.00345
31	11	0.00584
32	11	-0.00305
33	11	0.00066
34	11	-0.00133
35	11	-0.00077
36	11	0.00131
37	11	-0.00110
38	11	-0.00506
39	11	-0.00318
40	11	-0.00578
41	11	0.00125
42	11	-0.00084
43	11	-0.00018
44	11	-0.00465
45	11	0.00527
46	11	-0.00261
47	11	0.00157
48	11	-0.00082
49	11	-0.00137
50	11	0.00054
51	11	0.00113
52	11	0.00045
53	11	0.00007
54	11	-0.00280
55	11	0.00039
56	11	0.00082
57	11	-0.00002
58	11	-0.00142
59	11	0.00039
60	11	0.00037
61	11	0.00014
62	11	0.00018
63	11	-0.00019
64	11	0.00002
65	11	-0.00067
66	11	0.00010
67	11	-0.00031
68	11	0.00016
69	11	-0.00002
70	11	0.00013
71	11	0.00004
1	12	0.00336
2	12	-0.05940
3	12	-0.06916
4	12	-0.00373
5	12	-0.00949
6	12	-0.05747
7	12	0.01512
8	12	0.01414
9	12	0.02246
10	12	-0.06768
11	12	-0.07846
12	12	-0.98598
13	12	-0.00909
14	12	-0.09219
15	12	-0.02409
16	12	0.00890
17	12	0.00118
18	12	-0.00024
19	12	0.00647
20	12	-0.01665
21	12	-0.01295
22	12	0.00133
23	12	0.01300
24	12	-0.00216
25	12	0.00556
26	12	-0.00120
27	12	-0.00250
28	12	0.00721
29	12	-0.00112
30	12	-0.00700
31	12	0.00367
32	12	-0.00318
33	12	0.00364
34	12	-0.00538
35	12	0.00714
36	12	0.00377
37	12	-0.00961
38	12	-0.00096
39	12	-0.00017
40	12	-0.00461
41	12	-0.00078
42	12	-0.00778
43	12	0.00302
44	12	-0.00772
45	12	0.00343
46	12	-0.00541
47	12	0.00250
48	12	-0.00253
49	12	-0.00416
50	12	0.00476
51	12	-0.00032
52	12	0.00404
53	12	0.00169
54	12	-0.00308
55	12	0.00013
56	12	0.00095
57	12	-0.00130
58	12	0.00048
59	12	-0.00333
60	12	0.00271
61	12	0.00019
62	12	0.00029
63	12	-0.00020
64	12	0.00002
65	12	-0.00080
66	12	0.00022
67	12	-0.00037
68	12	0.00010
69	12	0.00004
70	12	-0.00002
71	12	0.00002
1	13	-0.02346
2	13	-0.02088
3	13	-0.00135
4	13	-0.00139
5	13	-0.01575
6	13	0.01378
7	13	0.02199
8	13	-0.00328
9	13	-0.02769
10	13	-0.01081
11	13	-0.04962
12	13	0.02845
13	13	0.98797
14	13	-0.08086
15	13	-0.01043
16	13	0.01802
17	13	0.03254
18	13	0.01012
19	13	-0.00635
20	13	-0.01368
21	13	-0.01054
22	13	0.00152
23	13	0.00785
24	13	-0.00377
25	13	0.00198
26	13	0.00004
27	13	-0.00145
28	13	-0.00066
29	13	-0.00062
30	13	-0.00455
31	13	0.00153
32	13	-0.00193
33	13	0.00171
34	13	-0.00198
35	13	0.00584
36	13	-0.00060
37	13	-0.00628
38	13	-0.00119
39	13	-0.00185
40	13	-0.00210
41	13	-0.00010
42	13	-0.00414
43	13	0.00093
44	13	-0.00741
45	13	0.00236
46	13	-0.00430
47	13	0.00125
48	13	-0.00257
49	13	-0.00216
50	13	0.00224
51	13	-0.00073
52	13	-0.00028
53	13	-0.00007
54	13	-0.00162
55	13	0.00068
56	13	0.00050
57	13	-0.00050
58	13	0.00143
59	13	-0.00118
60	13	-0.00010
61	13	-0.00010
62	13	-0.00000
63	13	0.00014
64	13	0.00004
65	13	-0.00016
66	13	-0.00008
67	13	-0.00003
68	13	0.00003
69	13	-0.00000
70	13	-0.00003
71	13	0.00006
1	14	0.00215
2	14	-0.04129
3	14	-0.03359
4	14	0.01907
5	14	0.02675
6	14	0.01943
7	14	-0.00335
8	14	0.00326
9	14	0.01695
10	14	0.00850
11	14	0.00222
12	14	-0.09722
13	14	0.07114
14	14	0.99312
15	14	-0.02020
16	14	0.00704
17	14	0.02984
18	14	0.00579
19	14	-0.00722
20	14	-0.00371
21	14	0.00294
22	14	0.00234
23	14	0.01347
24	14	0.00882
25	14	0.01891
26	14	-0.01197
27	14	-0.01716
28	14	-0.00726
29	14	-0.00387
30	14	0.00968
31	14	-0.00626
32	14	-0.00181
33	14	0.00172
34	14	-0.00259
35	14	0.00473
36	14	-0.00113
37	14	-0.00615
38	14	0.00022
39	14	0.00478
40	14	0.00107
41	14	-0.00155
42	14	-0.00344
43	14	0.00445
44	14	-0.00009
45	14	-0.00218
46	14	-0.00533
47	14	-0.00076
48	14	-0.00036
49	14	-0.00200
50	14	0.00030
51	14	0.00358
52	14	-0.00042
53	14	-0.00062
54	14	0.00157
55	14	0.00075
56	14	-0.00002
57	14	-0.00109
58	14	0.00559
59	14	-0.00067
60	14	0.00090
61	14	-0.00002
62	14	-0.00002
63	14	-0.00007
64	14	-0.00000
65	14	-0.00037
66	14	0.00038
67	14	-0.00008
68	14	0.00015
69	14	-0.00001
70	14	0.00008
71	14	-0.00004
1	15	0.01526
2	15	-0.11174
3	15	-0.07512
4	15	0.01630
5	15	0.01189
6	15	0.00972
7	15	-0.02533
8	15	0.03657
9	15	0.01921
10	15	-0.01275
11	15	-0.02790
12	15	-0.03134
13	15	-0.03050
14	15	0.03347
15	15	0.99682
16	15	0.07586
17	15	0.00877
18	15	-0.06779
19	15	0.01631
20	15	-0.04937
21	15	0.00725
22	15	0.00709
23	15	0.02950
24	15	0.00992
25	15	0.01580
26	15	-0.01392
27	15	-0.01182
28	15	-0.00530
29	15	0.00266
30	15	0.00127
31	15	0.00106
32	15	-0.00424
33	15	0.00848
34	15	-0.00401
35	15	0.00419
36	15	0.00187
37	15	-0.00561
38	15	-0.00408
39	15	0.00234
40	15	-0.01137
41	15	-0.00224
42	15	-0.00941
43	15	0.00600
44	15	-0.00271
45	15	0.00515
46	15	-0.00952
47	15	0.00163
48	15	-0.00251
49	15	-0.00774
50	15	0.00694
51	15	0.00191
52	15	0.00499
53	15	0.00142
54	15	-0.00416
55	15	0.00053
56	15	0.00181
57	15	-0.00284
58	15	0.00401
59	15	-0.00571
60	15	0.00534
61	15	0.00000
62	15	0.00023
63	15	-0.00007
64	15	-0.00010
65	15	-0.00105
66	15	0.00061
67	15	-0.00040
68	15	0.00035
69	15	0.00009
70	15	0.00004
71	15	-0.00013
1	16	-0.00438
2	16	-0.00831
3	16	-0.02052
4	16	-0.00447
5	16	-0.00906
6	16	-0.01915
7	16	0.01150
8	16	-0.00236
9	16	-0.00485
10	16	0.01643
11	16	-0.01324
12	16	0.00580
13	16	-0.00693
14	16	-0.01478
15	16	-0.08011
16	16	0.97573
17	16	-0.17170
18	16	0.04354
19	16	0.00502
20	16	-0.11661
21	16	0.04853
22	16	-0.00410
23	16	-0.00882
24	16	-0.00760
25	16	0.00521
26	16	0.00108
27	16	0.00308
28	16	-0.00749
29	16	-0.00082
30	16	0.00284
31	16	0.00382
32	16	-0.00199
33	16	0.00079
34	16	-0.00327
35	16	0.01245
36	16	-0.00458
37	16	-0.00296
38	16	0.00277
39	16	-0.00196
40	16	0.00184
41	16	0.00192
42	16	-0.00088
43	16	0.00120
44	16	-0.00546
45	16	0.00070
46	16	-0.00056
47	16	-0.00054
48	16	-0.00105
49	16	0.00045
50	16	0.00037
51	16	-0.00167
52	16	0.00047
53	16	-0.00102
54	16	-0.00209
55	16	0.00002
56	16	0.00058
57	16	0.00171
58	16	-0.00059
59	16	-0.00045
60	16	-0.00245
61	16	0.00009
62	16	0.00008
63	16	0.00009
64	16	0.00023
65	16	0.00087
66	16	-0.00022
67	16	0.00010
68	16	-0.00029
69	16	0.00003
70	16	-0.00002
71	16	0.00021
1	17	-0.01339
2	17	0.04692
3	17	0.03386
4	17	-0.00789
5	17	-0.01650
6	17	-0.01420
7	17	0.01275
8	17	0.00261
9	17	-0.03092
10	17	0.01435
11	17	-0.00157
12	17	0.00555
13	17	-0.03195
14	17	-0.03536
15	17	-0.01752
16	17	0.17287
17	17	0.97502
18	17	-0.07308
19	17	-0.02312
20	17	-0.02216
21	17	0.03053
22	17	-0.04032
23	17	-0.04525
24	17	-0.00784
25	17	-0.01231
26	17	0.00322
27	17	0.00667
28	17	0.00278
29	17	-0.00108
30	17	0.00402
31	17	-0.00420
32	17	0.00226
33	17	-0.00412
34	17	0.00300
35	17	-0.00919
36	17	-0.00198
37	17	0.00641
38	17	0.00114
39	17	0.00069
40	17	0.00578
41	17	0.00086
42	17	0.00531
43	17	-0.00269
44	17	0.00683
45	17	-0.00546
46	17	0.00821
47	17	0.00003
48	17	0.00269
49	17	0.00388
50	17	-0.00108
51	17	-0.00255
52	17	-0.00358
53	17	-0.00288
54	17	0.00322
55	17	0.00058
56	17	-0.00118
57	17	0.00095
58	17	-0.00155
59	17	0.00057
60	17	0.00019
61	17	-0.00004
62	17	0.00004
63	17	0.00016
64	17	0.00010
65	17	0.00009
66	17	-0.00010
67	17	0.00002
68	17	-0.00008
69	17	0.00000
70	17	0.00005
71	17	-0.00007
1	18	-0.00127
2	18	0.05823
3	18	0.04573
4	18	-0.00323
5	18	-0.00806
6	18	0.00323
7	18	0.02230
8	18	-0.00658
9	18	-0.00707
10	18	-0.00958
11	18	-0.00082
12	18	-0.00447
13	18	0.00220
14	18	-0.00470
15	18	0.06184
16	18	0.02893
17	18	0.06802
18	18	0.82993
19	18	0.32874
20	18	0.43658
21	18	0.08141
22	18	-0.03839
23	18	-0.02405
24	18	-0.00555
25	18	-0.01898
26	18	0.01337
27	18	0.01195
28	18	-0.00108
29	18	-0.00230
30	18	-0.00334
31	18	0.00140
32	18	0.00589
33	18	-0.00584
34	18	0.00834
35	18	-0.01370
36	18	0.00113
37	18	0.01330
38	18	-0.00225
39	18	0.00329
40	18	-0.00027
41	18	0.00095
42	18	0.00756
43	18	-0.00473
44	18	0.00840
45	18	-0.00115
46	18	0.00423
47	18	-0.00023
48	18	0.00308
49	18	0.00024
50	18	0.00050
51	18	0.00100
52	18	0.00095
53	18	0.00140
54	18	-0.00045
55	18	-0.00073
56	18	0.00016
57	18	-0.00000
58	18	-0.00007
59	18	-0.00252
60	18	-0.00146
61	18	-0.00004
62	18	-0.00015
63	18	0.00027
64	18	-0.00018
65	18	0.00046
66	18	-0.00038
67	18	0.00026
68	18	-0.00012
69	18	-0.00004
70	18	0.00014
71	18	0.00005
1	19	0.00944
2	19	-0.03996
3	19	-0.02410
4	19	0.00094
5	19	0.00178
6	19	0.00244
7	19	-0.01359
8	19	0.00469
9	19	0.00279
10	19	0.00144
11	19	-0.00160
12	19	0.01077
13	19	-0.00407
14	19	0.01268
15	19	-0.03865
16	19	-0.03016
17	19	0.01132
18	19	-0.21038
19	19	0.93040
20	19	-0.29211
21	19	-0.04984
22	19	0.01330
23	19	0.01778
24	19	0.00353
25	19	-0.00023
26	19	-0.00122
27	19	-0.00534
28	19	0.00220
29	19	-0.00552
30	19	-0.00234
31	19	0.00047
32	19	-0.00133
33	19	-0.00386
34	19	-0.00290
35	19	0.00149
36	19	0.00078
37	19	-0.00435
38	19	-0.00119
39	19	-0.00011
40	19	-0.00356
41	19	-0.00065
42	19	-0.00402
43	19	0.00202
44	19	-0.00029
45	19	0.00254
46	19	-0.00114
47	19	-0.00103
48	19	-0.00133
49	19	-0.00173
50	19	0.00172
51	19	-0.00089
52	19	0.00137
53	19	0.00033
54	19	-0.00143
55	19	0.00009
56	19	0.00045
57	19	-0.00139
58	19	-0.00076
59	19	-0.00030
60	19	0.00232
61	19	0.00002
62	19	0.00010
63	19	-0.00009
64	19	0.00001
65	19	-0.00042
66	19	0.00023
67	19	-0.00019
68	19	0.00013
69	19	0.00001
70	19	0.00032
71	19	-0.00009
1	20	-0.00575
2	20	0.00519
3	20	-0.00833
4	20	-0.00121
5	20	0.00803
6	20	-0.00513
7	20	0.00266
8	20	-0.02412
9	20	-0.00124
10	20	-0.00332
11	20	-0.00291
12	20	0.00417
13	20	0.02562
14	20	0.00189
15	20	-0.01381
16	20	0.10945
17	20	-0.03099
18	20	-0.50646
19	20	0.15375
20	20	0.83212
21	20	0.11514
22	20	-0.00119
23	20	0.02187
24	20	0.00655
25	20	0.00164
26	20	-0.00931
27	20	-0.00549
28	20	0.00307
29	20	0.00064
30	20	-0.00842
31	20	-0.00065
32	20	-0.00480
33	20	0.00434
34	20	-0.00570
35	20	0.01170
36	20	-0.00011
37	20	-0.00601
38	20	0.00358
39	20	-0.00330
40	20	-0.00167
41	20	-0.00194
42	20	-0.00040
43	20	0.00061
44	20	-0.00057
45	20	0.00185
46	20	-0.00073
47	20	0.00040
48	20	-0.00092
49	20	-0.00171
50	20	0.00131
51	20	-0.00230
52	20	0.00089
53	20	0.00041
54	20	-0.00209
55	20	-0.00085
56	20	0.00068
57	20	-0.00034
58	20	-0.00421
59	20	-0.00092
60	20	-0.00182
61	20	-0.00003
62	20	-0.00002
63	20	-0.00000
64	20	0.00003
65	20	0.00001
66	20	0.00014
67	20	-0.00000
68	20	-0.00006
69	20	0.00001
70	20	-0.00006
71	20	0.00011
1	21	-0.02503
2	21	-0.03528
3	21	-0.04118
4	21	0.00077
5	21	0.00030
6	21	0.01190
7	21	0.01118
8	21	-0.01792
9	21	-0.03244
10	21	0.01760
11	21	-0.01513
12	21	0.02160
13	21	0.00492
14	21	-0.01683
15	21	-0.03563
16	21	-0.06605
17	21	-0.00849
18	21	-0.00103
19	21	-0.00324
20	21	-0.13353
21	21	0.97996
22	21	0.07224
23	21	0.04588
24	21	-0.00062
25	21	0.00231
26	21	-0.00026
27	21	0.00598
28	21	0.00108
29	21	-0.00265
30	21	-0.00632
31	21	0.00647
32	21	0.00219
33	21	0.00084
34	21	0.00079
35	21	-0.00257
36	21	0.00109
37	21	-0.00800
38	21	0.00718
39	21	-0.01281
40	21	-0.00411
41	21	-0.00187
42	21	-0.00198
43	21	-0.00368
44	21	-0.01523
45	21	0.00437
46	21	-0.00068
47	21	-0.00455
48	21	-0.00393
49	21	0.00223
50	21	-0.00419
51	21	-0.00227
52	21	0.00026
53	21	0.00133
54	21	-0.00145
55	21	-0.00015
56	21	0.00043
57	21	-0.00105
58	21	-0.00087
59	21	0.00109
60	21	-0.00045
61	21	0.00019
62	21	0.00014
63	21	0.00008
64	21	0.00011
65	21	-0.00003
66	21	0.00010
67	21	-0.00015
68	21	-0.00016
69	21	0.00007
70	21	0.00001
71	21	-0.00010
1	22	0.01492
2	22	0.02293
3	22	0.02327
4	22	0.00014
5	22	-0.00097
6	22	-0.00939
7	22	-0.01259
8	22	0.01704
9	22	0.00353
10	22	-0.00745
11	22	0.00429
12	22	-0.01050
13	22	-0.00138
14	22	-0.00201
15	22	0.00971
16	22	0.01341
17	22	0.03221
18	22	0.02393
19	22	0.00213
20	22	0.02746
21	22	-0.05698
22	22	0.97919
23	22	-0.19391
24	22	-0.00284
25	22	-0.03412
26	22	0.01366
27	22	0.00294
28	22	0.00182
29	22	0.00012
30	22	-0.00027
31	22	-0.00195
32	22	0.00239
33	22	-0.00287
34	22	0.00339
35	22	-0.00672
36	22	0.00017
37	22	0.00108
38	22	-0.00394
39	22	0.00433
40	22	0.00124
41	22	-0.00001
42	22	-0.00034
43	22	0.00186
44	22	0.00876
45	22	-0.00234
46	22	0.00208
47	22	0.00157
48	22	0.00259
49	22	0.00059
50	22	-0.00026
51	22	0.00085
52	22	-0.00067
53	22	0.00017
54	22	0.00063
55	22	-0.00022
56	22	-0.00012
57	22	-0.00036
58	22	-0.00015
59	22	-0.00028
60	22	0.00076
61	22	-0.00008
62	22	-0.00006
63	22	-0.00001
64	22	-0.00005
65	22	0.00009
66	22	-0.00003
67	22	0.00003
68	22	0.00007
69	22	0.00001
70	22	0.00016
71	22	0.00005
1	23	0.00454
2	23	0.02882
3	23	0.02216
4	23	-0.01355
5	23	-0.01968
6	23	-0.02482
7	23	-0.00881
8	23	0.01512
9	23	-0.00755
10	23	0.00204
11	23	0.00891
12	23	0.00080
13	23	-0.01030
14	23	-0.00931
15	23	-0.00231
16	23	0.01674
17	23	0.04129
18	23	0.03031
19	23	-0.00942
20	23	-0.00018
21	23	-0.05637
22	23	0.18687
23	23	0.97152
24	23	-0.02038
25	23	-0.09237
26	23	0.01999
27	23	0.02940
28	23	0.00377
29	23	-0.00022
30	23	0.00087
31	23	-0.00294
32	23	0.00370
33	23	-0.00773
34	23	0.00519
35	23	-0.01214
36	23	-0.00184
37	23	0.00763
38	23	0.00174
39	23	0.00131
40	23	0.00207
41	23	-0.00036
42	23	0.00802
43	23	-0.00321
44	23	0.00805
45	23	-0.00340
46	23	0.00516
47	23	-0.00040
48	23	0.00267
49	23	0.00481
50	23	-0.00457
51	23	-0.00216
52	23	-0.00140
53	23	0.00068
54	23	-0.00089
55	23	0.00006
56	23	-0.00011
57	23	0.00220
58	23	-0.00129
59	23	-0.00036
60	23	0.00059
61	23	-0.00011
62	23	-0.00003
63	23	0.00030
64	23	0.00003
65	23	0.00022
66	23	-0.00005
67	23	0.00002
68	23	-0.00006
69	23	-0.00002
70	23	-0.00002
71	23	-0.00008
1	24	0.00003
2	24	-0.00337
3	24	-0.00427
4	24	0.00177
5	24	-0.00467
6	24	0.00453
7	24	-0.00369
8	24	0.00599
9	24	-0.00479
10	24	0.00486
11	24	0.00137
12	24	-0.00268
13	24	0.00081
14	24	-0.01279
15	24	-0.01100
16	24	0.00687
17	24	0.01034
18	24	0.01114
19	24	-0.00245
20	24	-0.00148
21	24	0.00022
22	24	0.00779
23	24	0.02231
24	24	0.99784
25	24	0.04007
26	24	-0.01674
27	24	-0.01335
28	24	0.01634
29	24	-0.00115
30	24	0.00149
31	24	0.00451
32	24	0.00118
33	24	-0.00011
34	24	-0.00153
35	24	-0.00230
36	24	-0.00349
37	24	-0.00290
38	24	0.00087
39	24	-0.00362
40	24	0.00366
41	24	0.00540
42	24	-0.00101
43	24	0.00195
44	24	-0.00479
45	24	0.00122
46	24	0.00291
47	24	0.00023
48	24	-0.00207
49	24	0.00122
50	24	0.00000
51	24	0.00122
52	24	0.00069
53	24	0.00228
54	24	0.00205
55	24	-0.00124
56	24	0.00003
57	24	0.00030
58	24	-0.00046
59	24	-0.00068
60	24	0.00003
61	24	-0.00001
62	24	0.00004
63	24	-0.00010
64	24	-0.00032
65	24	-0.00066
66	24	0.00014
67	24	-0.00007
68	24	0.00001
69	24	0.00004
70	24	0.00003
71	24	-0.00005
1	25	0.01481
2	25	0.00589
3	25	0.01560
4	25	0.00667
5	25	0.00644
6	25	0.01495
7	25	-0.02172
8	25	0.02318
9	25	-0.01189
10	25	0.00666
11	25	0.00324
12	25	-0.00786
13	25	-0.00562
14	25	-0.02083
15	25	-0.00424
16	25	-0.00725
17	25	0.02663
18	25	0.02263
19	25	0.00649
20	25	0.01475
21	25	-0.00709
22	25	0.05172
23	25	0.08653
24	25	-0.04280
25	25	0.99114
26	25	-0.02057
27	25	0.01005
28	25	-0.04705
29	25	-0.00341
30	25	0.01815
31	25	-0.00324
32	25	0.00652
33	25	-0.01136
34	25	0.01727
35	25	-0.03400
36	25	-0.00151
37	25	0.00840
38	25	-0.00739
39	25	0.00589
40	25	-0.00476
41	25	-0.00173
42	25	0.00271
43	25	-0.00034
44	25	0.01586
45	25	-0.00043
46	25	0.00750
47	25	0.00009
48	25	0.00302
49	25	0.00402
50	25	-0.00516
51	25	-0.00012
52	25	-0.00219
53	25	0.00151
54	25	0.00042
55	25	-0.00061
56	25	0.00111
57	25	-0.00058
58	25	0.00112
59	25	-0.00160
60	25	0.00740
61	25	0.00012
62	25	0.00003
63	25	0.00005
64	25	-0.00016
65	25	-0.00023
66	25	0.00021
67	25	-0.00015
68	25	0.00001
69	25	0.00003
70	25	0.00010
71	25	0.00003
1	26	-0.00538
2	26	0.00140
3	26	-0.00732
4	26	-0.00711
5	26	-0.00785
6	26	-0.01153
7	26	0.00949
8	26	-0.01018
9	26	0.00667
10	26	-0.00530
11	26	-0.00031
12	26	0.00590
13	26	0.00327
14	26	0.01237
15	26	0.00834
16	26	0.00378
17	26	-0.00931
18	26	-0.01641
19	26	-0.00254
20	26	-0.00271
21	26	0.00013
22	26	-0.01609
23	26	-0.01751
24	26	0.01536
25	26	0.02844
26	26	0.99555
27	26	0.03625
28	26	0.07789
29	26	0.00746
30	26	-0.01310
31	26	0.00525
32	26	-0.00474
33	26	0.00376
34	26	-0.00897
35	26	0.01567
36	26	-0.00174
37	26	0.00026
38	26	0.00530
39	26	-0.00230
40	26	0.00024
41	26	0.00115
42	26	0.00300
43	26	-0.00081
44	26	-0.00665
45	26	0.00451
46	26	-0.00394
47	26	-0.00074
48	26	-0.00432
49	26	-0.00081
50	26	-0.00056
51	26	-0.00086
52	26	-0.00299
53	26	0.00071
54	26	-0.00137
55	26	-0.00021
56	26	0.00105
57	26	0.00061
58	26	-0.00126
59	26	0.00148
60	26	-0.00548
61	26	-0.00005
62	26	-0.00009
63	26	0.00004
64	26	0.00005
65	26	0.00020
66	26	0.00000
67	26	0.00004
68	26	-0.00015
69	26	0.00000
70	26	-0.00002
71	26	0.00007
1	27	-0.00567
2	27	-0.00082
3	27	-0.00670
4	27	-0.00321
5	27	-0.00289
6	27	-0.00773
7	27	0.00759
8	27	-0.01026
9	27	0.00581
10	27	-0.00340
11	27	0.00062
12	27	0.00243
13	27	0.00454
14	27	0.01536
15	27	0.00359
16	27	0.00237
17	27	-0.00971
18	27	-0.01272
19	27	0.00062
20	27	-0.00482
21	27	-0.00616
22	27	-0.00615
23	27	-0.02670
24	27	0.01183
25	27	-0.00190
26	27	-0.04416
27	27	0.99394
28	27	0.09801
29	27	-0.01213
30	27	-0.00916
31	27	0.00134
32	27	-0.00814
33	27	0.00834
34	27	-0.01422
35	27	0.02789
36	27	-0.00245
37	27	-0.00618
38	27	0.00701
39	27	0.00272
40	27	0.00455
41	27	0.00111
42	27	-0.00216
43	27	0.00232
44	27	-0.00748
45	27	0.00169
46	27	-0.00749
47	27	0.00096
48	27	-0.00438
49	27	-0.00275
50	27	0.00277
51	27	-0.00148
52	27	0.00002
53	27	0.00060
54	27	-0.00203
55	27	0.00045
56	27	0.00066
57	27	0.00112
58	27	0.00158
59	27	0.00183
60	27	0.00046
61	27	-0.00008
62	27	-0.00007
63	27	0.00003
64	27	0.00004
65	27	0.00017
66	27	-0.00007
67	27	0.00007
68	27	-0.00006
69	27	-0.00012
70	27	-0.00010
71	27	0.00009
1	28	0.00103
2	28	0.00474
3	28	0.00827
4	28	-0.00276
5	28	-0.00050
6	28	-0.00329
7	28	-0.00294
8	28	0.00284
9	28	0.00051
10	28	0.00277
11	28	0.00213
12	28	0.00562
13	28	0.00094
14	28	0.00346
15	28	0.00402
16	28	0.00856
17	28	-0.00299
18	28	0.00431
19	28	-0.00133
20	28	-0.00306
21	28	-0.00045
22	28	0.00275
23	28	0.00380
24	28	-0.02020
25	28	0.04640
26	28	-0.07559
27	28	-0.10055
28	28	0.98968
29	28	0.00214
30	28	0.00602
31	28	-0.00332
32	28	0.00171
33	28	-0.00264
34	28	0.00734
35	28	-0.00088
36	28	0.00351
37	28	0.00432
38	28	-0.00024
39	28	0.00222
40	28	-0.00004
41	28	-0.00436
42	28	0.00224
43	28	-0.00251
44	28	0.00218
45	28	-0.00109
46	28	0.00107
47	28	0.00064
48	28	0.00396
49	28	-0.00089
50	28	-0.00174
51	28	0.00128
52	28	-0.00005
53	28	0.00187
54	28	0.00226
55	28	0.00057
56	28	-0.00165
57	28	0.00043
58	28	-0.00056
59	28	-0.00053
60	28	0.00126
61	28	-0.00011
62	28	0.00003
63	28	-0.00005
64	28	0.00016
65	28	0.00076
66	28	-0.00006
67	28	0.00004
68	28	0.00002
69	28	-0.00004
70	28	0.00002
71	28	-0.00010
1	29	-0.00005
2	29	0.00211
3	29	0.00139
4	29	0.00069
5	29	0.00088
6	29	0.00076
7	29	-0.00005
8	29	0.00028
9	29	0.00093
10	29	-0.00166
11	29	-0.00077
12	29	0.00241
13	29	-0.00065
14	29	-0.00410
15	29	0.00294
16	29	-0.00094
17	29	-0.00197
18	29	-0.00091
19	29	-0.00541
20	29	0.00180
21	29	-0.00280
22	29	-0.00186
23	29	-0.00010
24	29	-0.00105
25	29	-0.00304
26	29	0.00849
27	29	-0.01332
28	29	0.00145
29	29	-0.99984
30	29	0.00138
31	29	-0.00112
32	29	-0.00077
33	29	0.00319
34	29	-0.00025
35	29	0.00205
36	29	-0.00052
37	29	-0.00090
38	29	-0.00037
39	29	0.00095
40	29	0.00109
41	29	0.00014
42	29	-0.00026
43	29	0.00052
44	29	0.00009
45	29	-0.00078
46	29	-0.00064
47	29	0.00162
48	29	0.00020
49	29	-0.00001
50	29	0.00009
51	29	0.00007
52	29	-0.00040
53	29	-0.00015
54	29	0.00038
55	29	0.00002
56	29	-0.00010
57	29	-0.00052
58	29	0.00008
59	29	0.00030
60	29	-0.00019
61	29	0.00000
62	29	-0.00001
63	29	-0.00000
64	29	0.00000
65	29	0.00002
66	29	-0.00001
67	29	0.00001
68	29	-0.00000
69	29	-0.00002
70	29	-0.00011
71	29	0.00002
1	30	0.00662
2	30	0.01064
3	30	0.00410
4	30	0.01074
5	30	0.01487
6	30	0.01908
7	30	-0.00103
8	30	-0.00564
9	30	0.00055
10	30	0.00034
11	30	-0.00465
12	30	-0.00807
13	30	0.00805
14	30	-0.01092
15	30	-0.00457
16	30	-0.00442
17	30	0.00166
18	30	0.00444
19	30	0.00285
20	30	0.01150
21	30	0.01423
22	30	-0.00405
23	30	-0.00135
24	30	0.00075
25	30	-0.02231
26	30	0.01464
27	30	0.00940
28	30	-0.00152
29	30	0.00107
30	30	0.99905
31	30	0.00418
32	30	0.00163
33	30	-0.00139
34	30	0.00175
35	30	-0.01497
36	30	-0.00135
37	30	-0.00175
38	30	-0.00008
39	30	-0.00272
40	30	-0.00616
41	30	0.00252
42	30	0.00002
43	30	0.00185
44	30	0.00287
45	30	0.00082
46	30	0.00211
47	30	-0.00209
48	30	0.00268
49	30	0.00168
50	30	-0.00030
51	30	-0.00024
52	30	0.00384
53	30	0.00010
54	30	-0.00454
55	30	0.00143
56	30	0.00030
57	30	-0.00130
58	30	-0.00062
59	30	-0.00082
60	30	-0.00020
61	30	0.00022
62	30	0.00006
63	30	0.00011
64	30	0.00005
65	30	-0.00033
66	30	0.00004
67	30	-0.00018
68	30	-0.00005
69	30	0.00006
70	30	0.00001
71	30	0.00017
1	31	-0.00455
2	31	0.00089
3	31	-0.00079
4	31	-0.00338
5	31	-0.00764
6	31	-0.00895
7	31	-0.00022
8	31	0.00545
9	31	-0.00591
10	31	-0.00230
11	31	0.00109
12	31	0.00385
13	31	-0.00743
14	31	0.00452
15	31	0.00081
16	31	0.00246
17	31	0.00056
18	31	-0.00574
19	31	0.00025
20	31	-0.00161
21	31	-0.01049
22	31	0.00500
23	31	0.00262
24	31	-0.00305
25	31	0.00531
26	31	-0.00725
27	31	-0.00253
28	31	0.00227
29	31	-0.00084
30	31	-0.00332
31	31	0.99941
32	31	-0.00135
33	31	0.00138
34	31	-0.00399
35	31	0.00588
36	31	0.00135
37	31	-0.00011
38	31	0.00258
39	31	0.00532
40	31	0.00420
41	31	-0.00247
42	31	0.00221
43	31	0.00582
44	31	0.00137
45	31	-0.01029
46	31	-0.00081
47	31	0.00056
48	31	0.00284
49	31	-0.00060
50	31	0.00163
51	31	-0.00387
52	31	0.00090
53	31	-0.00233
54	31	0.00348
55	31	-0.00103
56	31	-0.00070
57	31	0.00070
58	31	0.00034
59	31	-0.00051
60	31	-0.00055
61	31	-0.00007
62	31	-0.00020
63	31	0.00006
64	31	-0.00012
65	31	0.00017
66	31	-0.00002
67	31	0.00015
68	31	-0.00003
69	31	-0.00002
70	31	-0.00000
71	31	-0.00005
1	32	-0.00152
2	32	-0.00038
3	32	0.00142
4	32	-0.00036
5	32	0.00013
6	32	0.00047
7	32	0.00094
8	32	0.00002
9	32	-0.00261
10	32	0.00019
11	32	-0.00185
12	32	0.00034
13	32	-0.00099
14	32	-0.00168
15	32	-0.00134
16	32	-0.00133
17	32	0.00112
18	32	0.00396
19	32	-0.00027
20	32	-0.00062
21	32	0.00166
22	32	0.00149
23	32	0.00108
24	32	0.00020
25	32	0.00070
26	32	-0.00198
27	32	-0.00330
28	32	0.00023
29	32	0.00026
30	32	-0.00264
31	32	-0.00239
32	32	-0.98741
33	32	-0.09696
34	32	0.06642
35	32	-0.09995
36	32	0.00670
37	32	-0.00124
38	32	-0.01207
39	32	-0.01667
40	32	0.00654
41	32	-0.00493
42	32	0.00194
43	32	-0.00514
44	32	0.00387
45	32	-0.00449
46	32	0.00256
47	32	-0.00061
48	32	0.00066
49	32	-0.00036
50	32	-0.00098
51	32	-0.00037
52	32	0.00525
53	32	-0.00149
54	32	-0.00172
55	32	-0.00085
56	32	-0.00056
57	32	-0.00024
58	32	-0.00052
59	32	-0.00156
60	32	-0.00107
61	32	-0.00001
62	32	-0.00010
63	32	-0.00019
64	32	-0.00006
65	32	-0.00008
66	32	-0.00008
67	32	-0.00007
68	32	0.00009
69	32	0.00002
70	32	-0.00001
71	32	-0.00009
1	33	0.00298
2	33	-0.00442
3	33	-0.00049
4	33	-0.00125
5	33	-0.00150
6	33	0.00093
7	33	-0.00239
8	33	0.00185
9	33	0.00172
10	33	-0.00045
11	33	-0.00119
12	33	-0.00020
13	33	-0.00065
14	33	-0.00016
15	33	-0.00169
16	33	0.00018
17	33	0.00073
18	33	0.00166
19	33	0.00595
20	33	-0.00240
21	33	-0.00073
22	33	0.00127
23	33	0.00337
24	33	-0.00031
25	33	0.00243
26	33	-0.00039
27	33	-0.00150
28	33	0.00096
29	33	0.00243
30	33	-0.00078
31	33	0.00019
32	33	-0.07237
33	33	0.97747
34	33	0.14006
35	33	-0.13919
36	33	0.00096
37	33	0.01661
38	33	-0.00115
39	33	-0.00516
40	33	-0.00704
41	33	-0.00030
42	33	0.00094
43	33	-0.00162
44	33	0.00522
45	33	0.00205
46	33	0.00387
47	33	0.00017
48	33	0.00134
49	33	0.00340
50	33	-0.00470
51	33	0.00080
52	33	0.00012
53	33	-0.00007
54	33	0.00006
55	33	-0.00012
56	33	0.00000
57	33	0.00506
58	33	-0.00128
59	33	-0.00076
60	33	0.00016
61	33	0.00001
62	33	0.00001
63	33	0.00005
64	33	-0.00004
65	33	-0.00007
66	33	0.00001
67	33	-0.00001
68	33	0.00001
69	33	0.00008
70	33	0.00007
71	33	-0.00005
1	34	0.00169
2	34	-0.00082
3	34	-0.00292
4	34	0.00015
5	34	0.00169
6	34	0.00055
7	34	-0.00048
8	34	0.00115
9	34	0.00282
10	34	0.00061
11	34	0.00053
12	34	-0.00328
13	34	0.00135
14	34	-0.00122
15	34	-0.00109
16	34	0.00128
17	34	0.00025
18	34	-0.00398
19	34	0.00006
20	34	0.00056
21	34	0.00093
22	34	-0.00384
23	34	-0.00251
24	34	0.00117
25	34	-0.00940
26	34	0.00582
27	34	0.00745
28	34	-0.00447
29	34	-0.00002
30	34	0.00168
31	34	0.00274
32	34	0.04241
33	34	-0.08932
34	34	0.94748
35	34	0.30018
36	34	0.01137
37	34	-0.01504
38	34	-0.00083
39	34	-0.00590
40	34	0.00260
41	34	-0.01461
42	34	-0.00581
43	34	0.00356
44	34	-0.00754
45	34	-0.00074
46	34	-0.00213
47	34	-0.00092
48	34	-0.00110
49	34	0.00027
50	34	0.00190
51	34	-0.00161
52	34	-0.00012
53	34	0.00154
54	34	0.00232
55	34	0.00035
56	34	-0.00299
57	34	0.00004
58	34	-0.00171
59	34	0.00102
60	34	-0.00069
61	34	-0.00018
62	34	-0.00034
63	34	-0.00003
64	34	-0.00002
65	34	-0.00044
66	34	-0.00001
67	34	-0.00006
68	34	0.00005
69	34	0.00000
70	34	-0.00000
71	34	0.00004
1	35	-0.00725
2	35	-0.00594
3	35	0.01446
4	35	-0.00739
5	35	-0.01690
6	35	-0.00371
7	35	-0.01532
8	35	0.01887
9	35	-0.02325
10	35	0.00517
11	35	-0.00099
12	35	0.00945
13	35	-0.00943
14	35	-0.00936
15	35	-0.00400
16	35	-0.00725
17	35	0.01365
18	35	0.01683
19	35	0.00255
20	35	-0.00006
21	35	-0.00248
22	35	0.01667
23	35	0.01205
24	35	-0.00003
25	35	0.03384
26	35	-0.01774
27	35	-0.02711
28	35	-0.00453
29	35	0.00264
30	35	0.01396
31	35	-0.00747
32	35	-0.12584
33	35	0.15573
34	35	-0.26714
35	35	0.92211
36	35	-0.02335
37	35	0.13540
38	35	-0.01848
39	35	-0.01515
40	35	-0.08515
41	35	0.01017
42	35	0.05772
43	35	-0.03943
44	35	0.05855
45	35	0.01580
46	35	0.04082
47	35	0.00183
48	35	0.01028
49	35	0.01905
50	35	-0.01468
51	35	-0.00697
52	35	0.01299
53	35	0.00778
54	35	-0.01247
55	35	-0.00113
56	35	0.00270
57	35	-0.00206
58	35	-0.00325
59	35	-0.00800
60	35	-0.00381
61	35	-0.00029
62	35	-0.00008
63	35	0.00049
64	35	-0.00044
65	35	-0.00049
66	35	-0.00014
67	35	0.00016
68	35	0.00018
69	35	0.00001
70	35	0.00004
71	35	-0.00069
1	36	-0.00060
2	36	-0.00023
3	36	-0.00216
4	36	-0.00024
5	36	0.00090
6	36	0.00029
7	36	0.00064
8	36	-0.00034
9	36	0.00214
10	36	0.00325
11	36	-0.00252
12	36	-0.00181
13	36	-0.00036
14	36	-0.00082
15	36	-0.00031
16	36	-0.00369
17	36	0.00013
18	36	0.00198
19	36	0.00033
20	36	0.00098
21	36	0.00182
22	36	-0.00098
23	36	-0.00138
24	36	-0.00380
25	36	-0.00225
26	36	0.00019
27	36	-0.00180
28	36	0.00477
29	36	0.00041
30	36	-0.00223
31	36	0.00222
32	36	-0.00390
33	36	-0.00314
34	36	0.01568
35	36	-0.01562
36	36	-0.99693
37	36	-0.05378
38	36	0.03155
39	36	-0.02189
40	36	-0.01816
41	36	-0.02085
42	36	-0.00297
43	36	-0.01608
44	36	0.00239
45	36	0.00073
46	36	-0.00516
47	36	-0.00470
48	36	0.00670
49	36	-0.00128
50	36	-0.00345
51	36	0.00214
52	36	0.00767
53	36	0.00197
54	36	-0.00617
55	36	0.00144
56	36	0.00119
57	36	-0.00073
58	36	0.00184
59	36	-0.00202
60	36	-0.00222
61	36	0.00005
62	36	0.00010
63	36	-0.00031
64	36	0.00000
65	36	-0.00046
66	36	0.00012
67	36	-0.00020
68	36	-0.00005
69	36	0.00001
70	36	-0.00004
71	36	-0.00009
1	37	-0.02016
2	37	0.03085
3	37	0.00518
4	37	-0.00579
5	37	-0.00928
6	37	-0.00848
7	37	-0.00060
8	37	0.00143
9	37	-0.01711
10	37	0.00741
11	37	0.01101
12	37	0.01254
13	37	-0.00885
14	37	-0.00494
15	37	-0.00189
16	37	-0.00678
17	37	0.00391
18	37	0.01020
19	37	0.00063
20	37	0.00046
21	37	-0.00611
22	37	0.00154
23	37	0.00394
24	37	-0.00126
25	37	0.01453
26	37	-0.00454
27	37	-0.01146
28	37	0.00203
29	37	0.00118
30	37	0.00571
31	37	-0.00331
32	37	-0.01316
33	37	0.03298
34	37	-0.03950
35	37	0.09508
36	37	0.04902
37	37	-0.97614
38	37	-0.02197
39	37	0.06984
40	37	-0.09465
41	37	0.01879
42	37	0.06905
43	37	-0.03029
44	37	0.08534
45	37	0.01133
46	37	0.03945
47	37	-0.00553
48	37	0.01738
49	37	0.01571
50	37	-0.02003
51	37	0.01169
52	37	-0.00426
53	37	0.00264
54	37	0.00059
55	37	-0.00060
56	37	0.00078
57	37	0.00371
58	37	-0.00252
59	37	-0.00293
60	37	-0.00270
61	37	-0.00007
62	37	0.00006
63	37	0.00079
64	37	-0.00011
65	37	-0.00006
66	37	0.00017
67	37	-0.00009
68	37	-0.00034
69	37	0.00019
70	37	0.00017
71	37	-0.00038
1	38	-0.00386
2	38	0.00010
3	38	0.01243
4	38	0.00567
5	38	-0.00044
6	38	0.00315
7	38	0.00330
8	38	0.00746
9	38	-0.00418
10	38	-0.00210
11	38	-0.00195
12	38	-0.00404
13	38	-0.00234
14	38	0.00007
15	38	0.00241
16	38	0.00055
17	38	-0.00264
18	38	-0.00333
19	38	0.00088
20	38	0.00443
21	38	0.00476
22	38	-0.00354
23	38	0.00001
24	38	-0.00009
25	38	-0.00537
26	38	0.00485
27	38	0.00687
28	38	-0.00044
29	38	0.00041
30	38	-0.00125
31	38	-0.00080
32	38	0.01568
33	38	0.00080
34	38	-0.00221
35	38	-0.00540
36	38	-0.03002
37	38	-0.00015
38	38	-0.98498
39	38	-0.11590
40	38	0.10462
41	38	-0.01919
42	38	-0.03164
43	38	-0.01016
44	38	-0.04433
45	38	-0.00484
46	38	0.01177
47	38	-0.00635
48	38	-0.00024
49	38	0.01039
50	38	-0.00719
51	38	-0.01350
52	38	-0.01694
53	38	-0.00031
54	38	0.00638
55	38	-0.00096
56	38	-0.00197
57	38	0.00266
58	38	-0.00852
59	38	0.00075
60	38	0.00349
61	38	0.00019
62	38	0.00004
63	38	-0.00017
64	38	-0.00028
65	38	-0.00047
66	38	-0.00035
67	38	0.00015
68	38	0.00030
69	38	0.00008
70	38	0.00014
71	38	0.00011
1	39	0.00046
2	39	0.00314
3	39	-0.01008
4	39	-0.00531
5	39	-0.00182
6	39	-0.00587
7	39	-0.00713
8	39	-0.00124
9	39	0.00134
10	39	0.00075
11	39	0.00126
12	39	0.00220
13	39	-0.00337
14	39	0.00324
15	39	0.00250
16	39	-0.00235
17	39	-0.00116
18	39	0.00027
19	39	0.00178
20	39	-0.00532
21	39	-0.00714
22	39	0.00522
23	39	0.00289
24	39	-0.00511
25	39	0.00816
26	39	-0.00157
27	39	-0.00043
28	39	0.00362
29	39	-0.00003
30	39	0.00147
31	39	0.00372
32	39	0.01098
33	39	0.00834
34	39	-0.01890
35	39	0.03765
36	39	0.01791
37	39	-0.09764
38	39	0.14564
39	39	-0.85153
40	39	0.48375
41	39	0.00893
42	39	0.03690
43	39	0.01457
44	39	0.07109
45	39	0.00792
46	39	-0.00885
47	39	0.01781
48	39	0.01583
49	39	-0.01442
50	39	0.00955
51	39	0.01243
52	39	-0.00922
53	39	0.00067
54	39	0.00365
55	39	-0.00087
56	39	-0.00004
57	39	-0.00393
58	39	-0.00215
59	39	-0.00124
60	39	0.00448
61	39	-0.00008
62	39	0.00008
63	39	0.00065
64	39	-0.00000
65	39	0.00008
66	39	0.00034
67	39	0.00001
68	39	-0.00031
69	39	-0.00016
70	39	-0.00000
71	39	-0.00005
1	40	-0.00151
2	40	0.01035
3	40	0.01002
4	40	0.00149
5	40	0.00948
6	40	0.01392
7	40	0.00218
8	40	-0.01294
9	40	-0.00437
10	40	0.00393
11	40	-0.00113
12	40	0.00473
13	40	0.01101
14	40	-0.00818
15	40	-0.00329
16	40	-0.00355
17	40	0.00518
18	40	0.00686
19	40	0.00075
20	40	0.00654
21	40	0.01320
22	40	-0.00323
23	40	0.00151
24	40	-0.00287
25	40	0.00525
26	40	0.00077
27	40	-0.00931
28	40	-0.00227
29	40	0.00117
30	40	0.00796
31	40	-0.00701
32	40	-0.01595
33	40	0.02119
34	40	-0.01889
35	40	0.07335
36	40	-0.02436
37	40	-0.04213
38	40	0.03120
39	40	0.49878
40	40	0.85746
41	40	-0.01832
42	40	0.05952
43	40	-0.02330
44	40	-0.02041
45	40	0.03332
46	40	0.00502
47	40	-0.02502
48	40	-0.00683
49	40	0.01742
50	40	-0.02999
51	40	-0.00316
52	40	0.02495
53	40	0.00365
54	40	-0.01708
55	40	-0.00057
56	40	0.00252
57	40	0.00100
58	40	0.00269
59	40	-0.00480
60	40	-0.01021
61	40	-0.00013
62	40	-0.00008
63	40	-0.00037
64	40	0.00022
65	40	-0.00022
66	40	0.00035
67	40	0.00007
68	40	-0.00000
69	40	0.00018
70	40	-0.00000
71	40	-0.00003
1	41	0.00205
2	41	-0.00244
3	41	0.00134
4	41	0.00144
5	41	0.00278
6	41	0.00042
7	41	-0.00128
8	41	0.00189
9	41	0.00062
10	41	0.00207
11	41	-0.00367
12	41	-0.00065
13	41	0.00022
14	41	0.00050
15	41	0.00047
16	41	-0.00046
17	41	0.00069
18	41	-0.00208
19	41	0.00033
20	41	0.00163
21	41	0.00243
22	41	0.00036
23	41	0.00070
24	41	-0.00564
25	41	0.00049
26	41	-0.00064
27	41	-0.00078
28	41	0.00445
29	41	0.00010
30	41	-0.00251
31	41	0.00326
32	41	-0.00378
33	41	-0.00298
34	41	0.01765
35	41	-0.00453
36	41	-0.02094
37	41	0.01406
38	41	-0.01546
39	41	0.01127
40	41	0.01781
41	41	0.99681
42	41	-0.04208
43	41	-0.04346
44	41	-0.00607
45	41	-0.02432
46	41	-0.01015
47	41	-0.01149
48	41	0.00285
49	41	-0.00733
50	41	-0.01479
51	41	-0.00975
52	41	0.00123
53	41	-0.00474
54	41	-0.00427
55	41	-0.00116
56	41	0.00367
57	41	0.00090
58	41	-0.00054
59	41	0.00062
60	41	-0.00175
61	41	-0.00000
62	41	0.00023
63	41	-0.00030
64	41	0.00035
65	41	-0.00028
66	41	0.00005
67	41	-0.00026
68	41	-0.00016
69	41	-0.00000
70	41	-0.00002
71	41	0.00004
1	42	0.01038
2	42	-0.00667
3	42	0.00721
4	42	0.00545
5	42	0.00623
6	42	0.00638
7	42	0.00047
8	42	0.00227
9	42	0.00391
10	42	-0.00099
11	42	-0.00728
12	42	-0.00525
13	42	0.00369
14	42	-0.00229
15	42	-0.00035
16	42	0.00213
17	42	0.00003
18	42	-0.00110
19	42	-0.00013
20	42	-0.00033
21	42	0.00695
22	42	-0.00053
23	42	-0.00161
24	42	0.00010
25	42	-0.00456
26	42	0.00058
27	42	0.00230
28	42	0.00001
29	42	-0.00026
30	42	-0.00365
31	42	-0.00422
32	42	0.00034
33	42	-0.00343
34	42	0.00922
35	42	-0.01910
36	42	-0.01499
37	42	0.03144
38	42	-0.03587
39	42	0.00518
40	42	-0.03870
41	42	0.05892
42	42	0.76077
43	42	0.64018
44	42	-0.05419
45	42	0.01437
46	42	-0.00977
47	42	-0.00547
48	42	-0.00653
49	42	-0.00576
50	42	-0.00131
51	42	0.00303
52	42	0.00630
53	42	0.00798
54	42	-0.00560
55	42	-0.00040
56	42	0.00029
57	42	0.00554
58	42	-0.00147
59	42	0.00200
60	42	0.00181
61	42	0.00007
62	42	-0.00032
63	42	0.00006
64	42	0.00006
65	42	-0.00006
66	42	-0.00017
67	42	0.00028
68	42	0.00004
69	42	0.00003
70	42	-0.00004
71	42	-0.00009
1	43	-0.02055
2	43	0.03352
3	43	0.01995
4	43	0.00374
5	43	0.00255
6	43	0.00785
7	43	0.00026
8	43	0.00273
9	43	-0.00996
10	43	0.00484
11	43	0.00526
12	43	0.00248
13	43	0.00426
14	43	-0.00322
15	43	0.00059
16	43	-0.00890
17	43	0.00182
18	43	0.01101
19	43	0.00085
20	43	0.00936
21	43	0.00682
22	43	-0.00716
23	43	-0.00191
24	43	-0.00311
25	43	0.00213
26	43	0.00177
27	43	-0.00506
28	43	0.00134
29	43	0.00140
30	43	0.00295
31	43	-0.00729
32	43	-0.01228
33	43	0.01103
34	43	-0.02023
35	43	0.05281
36	43	-0.01109
37	43	-0.04748
38	43	0.01482
39	43	0.02508
40	43	0.04382
41	43	0.00853
42	43	-0.62364
43	43	0.75661
44	43	0.07892
45	43	0.03648
46	43	0.11410
47	43	-0.01052
48	43	0.01600
49	43	0.03706
50	43	-0.03881
51	43	-0.01159
52	43	0.00781
53	43	0.00973
54	43	-0.01007
55	43	-0.00243
56	43	0.00294
57	43	-0.01555
58	43	-0.00800
59	43	-0.00627
60	43	-0.00536
61	43	0.00012
62	43	-0.00009
63	43	0.00025
64	43	-0.00002
65	43	-0.00054
66	43	-0.00003
67	43	0.00002
68	43	-0.00015
69	43	0.00003
70	43	0.00017
71	43	-0.00028
1	44	-0.00419
2	44	-0.00115
3	44	-0.02036
4	44	-0.01088
5	44	-0.00874
6	44	-0.01533
7	44	-0.00162
8	44	-0.00165
9	44	-0.00228
10	44	0.00278
11	44	0.00151
12	44	0.00654
13	44	-0.01070
14	44	0.00244
15	44	0.00239
16	44	-0.00151
17	44	0.00050
18	44	0.00096
19	44	0.00245
20	44	-0.00492
21	44	-0.01453
22	44	0.01020
23	44	0.00742
24	44	-0.00580
25	44	0.01243
26	44	-0.00333
27	44	-0.00291
28	44	0.00207
29	44	0.00014
30	44	0.00423
31	44	0.00218
32	44	-0.00662
33	44	0.01062
34	44	-0.01830
35	44	0.03858
36	44	-0.00087
37	44	-0.05741
38	44	0.05171
39	44	-0.04773
40	44	0.01125
41	44	-0.00245
42	44	-0.03362
43	44	-0.00746
44	44	-0.84606
45	44	-0.15575
46	44	0.46519
47	44	0.11378
48	44	0.12440
49	44	-0.02985
50	44	0.02666
51	44	0.02353
52	44	-0.02905
53	44	-0.00310
54	44	0.02094
55	44	-0.00145
56	44	-0.00032
57	44	0.00469
58	44	-0.01433
59	44	0.00300
60	44	0.00797
61	44	0.00002
62	44	0.00007
63	44	0.00097
64	44	-0.00003
65	44	0.00004
66	44	0.00014
67	44	-0.00023
68	44	-0.00045
69	44	-0.00005
70	44	0.00007
71	44	0.00016
1	45	0.00216
2	45	0.01232
3	45	0.01368
4	45	0.01195
5	45	0.01626
6	45	0.01961
7	45	0.00205
8	45	-0.01134
9	45	0.00444
10	45	-0.00064
11	45	-0.00138
12	45	-0.00247
13	45	0.01571
14	45	-0.00446
15	45	0.00017
16	45	-0.00236
17	45	-0.00251
18	45	0.00398
19	45	0.00111
20	45	0.00711
21	45	0.01431
22	45	-0.00877
23	45	-0.00457
24	45	0.00299
25	45	-0.00594
26	45	0.00832
27	45	0.00297
28	45	-0.00090
29	45	0.00051
30	45	0.00092
31	45	-0.01145
32	45	0.00289
33	45	0.00403
34	45	-0.00268
35	45	0.01027
36	45	-0.00108
37	45	-0.00296
38	45	-0.00243
39	45	0.01361
40	45	0.02616
41	45	-0.02362
42	45	0.00398
43	45	0.03120
44	45	0.15700
45	45	-0.97704
46	45	0.00777
47	45	-0.07859
48	45	-0.08993
49	45	0.01660
50	45	-0.05972
51	45	0.01705
52	45	-0.00322
53	45	0.01837
54	45	-0.02567
55	45	-0.00258
56	45	0.00944
57	45	-0.00181
58	45	-0.00641
59	45	-0.00275
60	45	0.00434
61	45	0.00001
62	45	0.00008
63	45	0.00046
64	45	-0.00035
65	45	-0.00010
66	45	0.00012
67	45	-0.00011
68	45	0.00009
69	45	0.00007
70	45	0.00004
71	45	0.00009
1	46	0.01248
2	46	-0.02752
3	46	-0.00829
4	46	0.00165
5	46	0.00143
6	46	0.00246
7	46	0.00112
8	46	-0.00427
9	46	0.01055
10	46	-0.00088
11	46	0.00246
12	46	-0.00406
13	46	0.00464
14	46	0.00395
15	46	0.00216
16	46	0.00549
17	46	-0.00488
18	46	-0.00695
19	46	-0.00285
20	46	-0.00121
21	46	0.00030
22	46	-0.00502
23	46	-0.00262
24	46	0.00061
25	46	-0.01249
26	46	0.00339
27	46	0.00774
28	46	0.00023
29	46	-0.00153
30	46	-0.00526
31	46	0.00422
32	46	0.01135
33	46	-0.01581
34	46	0.02192
35	46	-0.05897
36	46	-0.00620
37	46	0.05290
38	46	-0.01272
39	46	0.00659
40	46	-0.00449
41	46	0.01118
42	46	0.07990
43	46	-0.07088
44	46	0.37075
45	46	0.09914
46	46	0.83271
47	46	-0.10319
48	46	-0.33212
49	46	-0.09647
50	46	0.06563
51	46	0.02816
52	46	0.00098
53	46	-0.00529
54	46	0.01056
55	46	0.00513
56	46	-0.00295
57	46	-0.00637
58	46	0.02323
59	46	-0.00478
60	46	-0.00022
61	46	0.00016
62	46	-0.00027
63	46	-0.00069
64	46	0.00028
65	46	-0.00001
66	46	0.00023
67	46	-0.00011
68	46	0.00013
69	46	-0.00006
70	46	-0.00029
71	46	0.00024
1	47	-0.01252
2	47	0.00926
3	47	0.00527
4	47	0.00268
5	47	0.00197
6	47	0.00424
7	47	0.00225
8	47	-0.00159
9	47	-0.00113
10	47	-0.00105
11	47	0.00155
12	47	0.00332
13	47	0.00136
14	47	0.00019
15	47	-0.00325
16	47	-0.00025
17	47	-0.00147
18	47	0.00081
19	47	0.00134
20	47	0.00112
21	47	0.00291
22	47	-0.00333
23	47	-0.00213
24	47	-0.00064
25	47	-0.00060
26	47	0.00007
27	47	-0.00194
28	47	-0.00096
29	47	0.00216
30	47	0.00264
31	47	-0.00171
32	47	0.00017
33	47	-0.00149
34	47	0.00397
35	47	-0.00602
36	47	-0.00757
37	47	0.00224
38	47	-0.00996
39	47	0.02751
40	47	0.01309
41	47	0.01020
42	47	0.00566
43	47	0.00616
44	47	0.09874
45	47	-0.03493
46	47	0.00269
47	47	0.96446
48	47	-0.22094
49	47	0.04534
50	47	-0.07774
51	47	0.01586
52	47	-0.00012
53	47	-0.00808
54	47	0.00778
55	47	-0.00069
56	47	-0.00324
57	47	0.00932
58	47	-0.00402
59	47	-0.00229
60	47	-0.00087
61	47	0.00014
62	47	-0.00018
63	47	-0.00032
64	47	0.00014
65	47	-0.00018
66	47	0.00003
67	47	-0.00008
68	47	-0.00002
69	47	-0.00003
70	47	0.00029
71	47	-0.00011
1	48	-0.00494
2	48	0.00660
3	48	-0.01396
4	48	-0.01055
5	48	-0.00883
6	48	-0.01689
7	48	-0.00243
8	48	0.00363
9	48	-0.00458
10	48	0.00356
11	48	0.00016
12	48	0.00384
13	48	-0.01084
14	48	0.00005
15	48	0.00051
16	48	-0.00222
17	48	0.00427
18	48	0.00486
19	48	0.00064
20	48	-0.00350
21	48	-0.01094
22	48	0.00958
23	48	0.00581
24	48	-0.00463
25	48	0.01181
26	48	-0.00770
27	48	-0.00808
28	48	0.00534
29	48	-0.00009
30	48	0.00609
31	48	0.00465
32	48	-0.00802
33	48	0.01014
34	48	-0.01503
35	48	0.03789
36	48	-0.00256
37	48	-0.04549
38	48	0.01665
39	48	-0.03384
40	48	-0.00220
41	48	0.00091
42	48	-0.04863
43	48	0.02786
44	48	-0.28448
45	48	0.04734
46	48	-0.23752
47	48	-0.17274
48	48	-0.89882
49	48	0.08230
50	48	0.05763
51	48	0.03901
52	48	0.01500
53	48	0.00676
54	48	-0.00697
55	48	-0.00364
56	48	-0.00133
57	48	0.00239
58	48	-0.00473
59	48	0.00923
60	48	-0.00099
61	48	-0.00003
62	48	-0.00015
63	48	0.00068
64	48	-0.00012
65	48	-0.00004
66	48	-0.00001
67	48	-0.00023
68	48	-0.00044
69	48	0.00001
70	48	0.00000
71	48	-0.00017
1	49	-0.00395
2	49	0.00861
3	49	0.00619
4	49	-0.00011
5	49	-0.00241
6	49	-0.00046
7	49	-0.00178
8	49	0.00357
9	49	-0.00433
10	49	-0.00162
11	49	-0.00046
12	49	-0.00016
13	49	-0.00224
14	49	-0.00111
15	49	-0.00125
16	49	-0.00121
17	49	0.00186
18	49	0.00151
19	49	0.00002
20	49	-0.00083
21	49	0.00060
22	49	0.00152
23	49	0.00063
24	49	-0.00040
25	49	0.00278
26	49	-0.00191
27	49	-0.00197
28	49	-0.00159
29	49	0.00006
30	49	0.00184
31	49	-0.00087
32	49	-0.00199
33	49	0.00431
34	49	-0.00477
35	49	0.01687
36	49	0.00208
37	49	-0.00855
38	49	-0.00367
39	49	0.00477
40	49	-0.00218
41	49	-0.01394
42	49	-0.01914
43	49	0.01303
44	49	-0.03716
45	49	0.01255
46	49	-0.07294
47	49	-0.00691
48	49	-0.07547
49	49	-0.88217
50	49	-0.44984
51	49	-0.06713
52	49	-0.00044
53	49	0.00386
54	49	0.00271
55	49	-0.00720
56	49	0.00542
57	49	0.00546
58	49	-0.00734
59	49	0.00007
60	49	0.00025
61	49	0.00008
62	49	0.00008
63	49	0.00034
64	49	0.00020
65	49	0.00022
66	49	-0.00018
67	49	0.00005
68	49	-0.00019
69	49	0.00007
70	49	0.00010
71	49	-0.00016
1	50	0.02226
2	50	-0.02492
3	50	-0.01983
4	50	-0.00753
5	50	-0.00671
6	50	-0.01676
7	50	0.00291
8	50	-0.00182
9	50	0.00285
10	50	0.00232
11	50	-0.00036
12	50	-0.00287
13	50	-0.00524
14	50	-0.00007
15	50	0.00407
16	50	0.00574
17	50	0.00181
18	50	-0.00509
19	50	-0.00036
20	50	-0.00391
21	50	-0.00715
22	50	0.00335
23	50	0.00289
24	50	0.00117
25	50	-0.00409
26	50	-0.00093
27	50	0.00270
28	50	0.00057
29	50	-0.00038
30	50	-0.00198
31	50	0.00617
32	50	0.00598
33	50	-0.01122
34	50	0.00909
35	50	-0.02952
36	50	0.00519
37	50	0.02200
38	50	0.01161
39	50	-0.03636
40	50	-0.02560
41	50	-0.00824
42	50	0.02806
43	50	-0.04105
44	50	-0.02195
45	50	0.06645
46	50	0.08706
47	50	-0.08794
48	50	-0.01387
49	50	0.43265
50	50	-0.87739
51	50	0.09634
52	50	0.00750
53	50	0.00817
54	50	-0.00570
55	50	0.00313
56	50	0.00255
57	50	-0.03711
58	50	0.02431
59	50	0.00674
60	50	-0.02516
61	50	-0.00014
62	50	0.00006
63	50	0.00009
64	50	0.00016
65	50	0.00062
66	50	0.00007
67	50	0.00003
68	50	-0.00007
69	50	-0.00033
70	50	-0.00048
71	50	0.00036
1	51	0.00453
2	51	0.01353
3	51	0.03452
4	51	0.00710
5	51	0.00757
6	51	0.01465
7	51	-0.00188
8	51	0.01153
9	51	-0.00950
10	51	-0.00319
11	51	-0.00870
12	51	-0.00465
13	51	0.00380
14	51	-0.00375
15	51	-0.00077
16	51	-0.00273
17	51	0.00314
18	51	-0.00285
19	51	0.00131
20	51	0.00512
21	51	0.01317
22	51	-0.00180
23	51	-0.00053
24	51	-0.00259
25	51	-0.00144
26	51	0.00392
27	51	0.00347
28	51	-0.00356
29	51	0.00015
30	51	-0.00109
31	51	0.00135
32	51	-0.00362
33	51	0.00169
34	51	-0.00010
35	51	0.01181
36	51	0.00066
37	51	0.01817
38	51	-0.01933
39	51	0.01575
40	51	0.00146
41	51	0.00898
42	51	-0.01213
43	51	0.00953
44	51	0.01665
45	51	0.01054
46	51	-0.03661
47	51	0.00004
48	51	0.04334
49	51	-0.10253
50	51	0.05292
51	51	0.99043
52	51	0.00216
53	51	-0.00156
54	51	0.00641
55	51	-0.00800
56	51	-0.00573
57	51	-0.00567
58	51	-0.03228
59	51	-0.00047
60	51	-0.00801
61	51	-0.00007
62	51	-0.00036
63	51	-0.00033
64	51	-0.00024
65	51	0.00006
66	51	-0.00047
67	51	0.00026
68	51	0.00032
69	51	0.00005
70	51	0.00011
71	51	0.00001
1	52	0.00121
2	52	0.00871
3	52	0.01734
4	52	0.00354
5	52	0.00625
6	52	0.01267
7	52	0.00000
8	52	-0.00392
9	52	-0.00143
10	52	0.00094
11	52	-0.00587
12	52	-0.00218
13	52	0.00508
14	52	-0.00303
15	52	-0.00050
16	52	-0.00209
17	52	-0.00062
18	52	0.00090
19	52	0.00114
20	52	0.00172
21	52	0.00922
22	52	-0.00216
23	52	0.00013
24	52	0.00070
25	52	-0.00434
26	52	-0.00068
27	52	0.00065
28	52	0.00084
29	52	0.00032
30	52	0.00401
31	52	0.00217
32	52	-0.00886
33	52	0.00220
34	52	-0.00288
35	52	0.01545
36	52	-0.01115
37	52	0.00679
38	52	0.01463
39	52	0.02462
40	52	0.01448
41	52	0.00113
42	52	0.00262
43	52	0.01306
44	52	0.02273
45	52	0.00783
46	52	-0.01624
47	52	-0.01067
48	52	-0.01898
49	52	0.00701
50	52	-0.01036
51	52	0.00016
52	52	-0.96049
53	52	-0.25822
54	52	0.04997
55	52	-0.01589
56	52	-0.00597
57	52	-0.00115
58	52	-0.05856
59	52	-0.01879
60	52	-0.01013
61	52	0.00048
62	52	0.00023
63	52	-0.00016
64	52	0.00034
65	52	0.00042
66	52	0.00013
67	52	-0.00011
68	52	-0.00021
69	52	0.00010
70	52	0.00013
71	52	0.00024
1	53	-0.00045
2	53	-0.00036
3	53	-0.00532
4	53	-0.00154
5	53	0.00071
6	53	-0.00066
7	53	0.00258
8	53	0.00069
9	53	0.00084
10	53	-0.00066
11	53	0.00141
12	53	0.00001
13	53	0.00059
14	53	-0.00009
15	53	-0.00030
16	53	0.00093
17	53	0.00047
18	53	-0.00016
19	53	-0.00024
20	53	0.00003
21	53	-0.00137
22	53	-0.00091
23	53	-0.00086
24	53	-0.00239
25	53	-0.00226
26	53	-0.00113
27	53	-0.00026
28	53	-0.00219
29	53	-0.00000
30	53	0.00287
31	53	0.00353
32	53	-0.00306
33	53	-0.00080
34	53	-0.00007
35	53	-0.00454
36	53	-0.00145
37	53	0.00305
38	53	0.00389
39	53	0.00560
40	53	0.00209
41	53	0.00643
42	53	-0.00078
43	53	-0.00885
44	53	0.00473
45	53	0.01687
46	53	-0.00034
47	53	0.00790
48	53	-0.00034
49	53	0.00027
50	53	0.00725
51	53	0.00050
52	53	-0.25328
53	53	0.96085
54	53	0.09858
55	53	-0.01102
56	53	-0.03612
57	53	0.00112
58	53	0.01496
59	53	0.00205
60	53	-0.00147
61	53	-0.00045
62	53	-0.00039
63	53	0.00009
64	53	0.00011
65	53	0.00015
66	53	-0.00007
67	53	0.00013
68	53	-0.00008
69	53	0.00000
70	53	-0.00003
71	53	0.00000
1	54	0.00259
2	54	0.01208
3	54	0.01901
4	54	0.00483
5	54	0.01088
6	54	0.01643
7	54	-0.00181
8	54	-0.00660
9	54	-0.00177
10	54	-0.00149
11	54	-0.00490
12	54	-0.00282
13	54	0.00813
14	54	-0.00319
15	54	0.00045
16	54	0.00026
17	54	-0.00015
18	54	0.00040
19	54	0.00120
20	54	0.00303
21	54	0.01103
22	54	-0.00330
23	54	0.00073
24	54	-0.00296
25	54	-0.00356
26	54	0.00468
27	54	0.00355
28	54	-0.00257
29	54	0.00026
30	54	0.00287
31	54	-0.00390
32	54	-0.00426
33	54	0.00255
34	54	-0.00521
35	54	0.01231
36	54	-0.00752
37	54	0.00228
38	54	0.00446
39	54	0.01239
40	54	0.01011
41	54	0.00291
42	54	-0.00014
43	54	0.01119
44	54	0.01653
45	54	-0.02133
46	54	-0.01589
47	54	-0.01402
48	54	-0.00547
49	54	0.00940
50	54	-0.00780
51	54	-0.00880
52	54	0.08097
53	54	-0.07777
54	54	0.98674
55	54	-0.05658
56	54	0.01022
57	54	-0.00383
58	54	-0.08587
59	54	-0.00586
60	54	-0.00607
61	54	-0.00027
62	54	-0.00011
63	54	-0.00015
64	54	0.00006
65	54	0.00004
66	54	-0.00002
67	54	-0.00001
68	54	0.00006
69	54	0.00010
70	54	0.00011
71	54	0.00019
1	55	0.00059
2	55	0.00402
3	55	0.00293
4	55	0.00101
5	55	0.00262
6	55	0.00225
7	55	0.00021
8	55	-0.00121
9	55	0.00025
10	55	0.00109
11	55	-0.00207
12	55	-0.00064
13	55	0.00086
14	55	-0.00080
15	55	-0.00018
16	55	-0.00089
17	55	-0.00029
18	55	0.00087
19	55	0.00034
20	55	0.00162
21	55	0.00236
22	55	-0.00041
23	55	-0.00025
24	55	0.00060
25	55	0.00006
26	55	0.00040
27	55	-0.00032
28	55	-0.00087
29	55	0.00005
30	55	-0.00120
31	55	0.00092
32	55	-0.00169
33	55	0.00061
34	55	-0.00052
35	55	0.00251
36	55	0.00094
37	55	-0.00063
38	55	-0.00011
39	55	0.00081
40	55	0.00185
41	55	0.00104
42	55	-0.00172
43	55	0.00326
44	55	-0.00215
45	55	-0.00343
46	55	-0.00621
47	55	0.00007
48	55	-0.00262
49	55	-0.00664
50	55	-0.00040
51	55	0.00675
52	55	-0.01406
53	55	0.00454
54	55	0.05664
55	55	0.99621
56	55	0.06177
57	55	-0.00488
58	55	-0.01290
59	55	0.00070
60	55	-0.00288
61	55	0.00028
62	55	0.00029
63	55	-0.00011
64	55	0.00002
65	55	-0.00007
66	55	0.00017
67	55	-0.00010
68	55	-0.00031
69	55	0.00003
70	55	0.00000
71	55	0.00002
1	56	-0.00068
2	56	-0.00320
3	56	-0.00395
4	56	0.00026
5	56	-0.00301
6	56	-0.00346
7	56	0.00020
8	56	0.00149
9	56	0.00021
10	56	-0.00003
11	56	0.00103
12	56	0.00029
13	56	-0.00197
14	56	0.00059
15	56	-0.00033
16	56	-0.00020
17	56	0.00013
18	56	-0.00009
19	56	-0.00035
20	56	-0.00064
21	56	-0.00242
22	56	0.00060
23	56	-0.00023
24	56	0.00004
25	56	-0.00072
26	56	-0.00240
27	56	-0.00143
28	56	0.00154
29	56	-0.00006
30	56	-0.00003
31	56	0.00146
32	56	0.00008
33	56	-0.00105
34	56	0.00413
35	56	-0.00252
36	56	0.00149
37	56	0.00089
38	56	-0.00188
39	56	-0.00172
40	56	-0.00195
41	56	-0.00325
42	56	0.00156
43	56	-0.00281
44	56	-0.00105
45	56	0.00988
46	56	0.00209
47	56	0.00427
48	56	-0.00137
49	56	0.00301
50	56	0.00651
51	56	0.00626
52	56	-0.01624
53	56	0.03223
54	56	-0.00658
55	56	-0.06134
56	56	0.99687
57	56	0.00448
58	56	0.02951
59	56	0.00049
60	56	0.00050
61	56	0.00022
62	56	0.00034
63	56	0.00010
64	56	0.00018
65	56	0.00000
66	56	0.00000
67	56	-0.00025
68	56	0.00021
69	56	-0.00002
70	56	-0.00003
71	56	-0.00004
1	57	-0.00316
2	57	0.00312
3	57	0.00092
4	57	0.00185
5	57	0.00236
6	57	0.00183
7	57	-0.00178
8	57	0.00102
9	57	0.00082
10	57	-0.00234
11	57	-0.00312
12	57	-0.00201
13	57	0.00315
14	57	0.00207
15	57	0.00173
16	57	-0.00147
17	57	-0.00129
18	57	0.00026
19	57	0.00150
20	57	0.00071
21	57	0.00138
22	57	-0.00006
23	57	-0.00456
24	57	-0.00077
25	57	-0.00127
26	57	0.00048
27	57	0.00031
28	57	-0.00043
29	57	-0.00142
30	57	0.00038
31	57	-0.00062
32	57	0.00007
33	57	-0.00492
34	57	-0.00100
35	57	0.00233
36	57	-0.00086
37	57	0.00621
38	57	0.00416
39	57	-0.00512
40	57	0.00022
41	57	-0.00087
42	57	-0.00966
43	57	0.00520
44	57	0.00734
45	57	0.00333
46	57	0.00881
47	57	-0.01404
48	57	0.00150
49	57	0.02007
50	57	-0.03028
51	57	0.00934
52	57	0.00115
53	57	-0.00047
54	57	0.00133
55	57	0.00487
56	57	-0.00322
57	57	0.99876
58	57	-0.02821
59	57	0.00248
60	57	0.00698
61	57	0.00003
62	57	-0.00001
63	57	-0.00005
64	57	0.00002
65	57	0.00001
66	57	-0.00005
67	57	0.00003
68	57	-0.00000
69	57	0.00055
70	57	0.00010
71	57	0.00001
1	58	0.00614
2	58	0.03630
3	58	0.02540
4	58	0.01562
5	58	0.02853
6	58	0.02408
7	58	0.00349
8	58	-0.01230
9	58	-0.00042
10	58	-0.00139
11	58	-0.01117
12	58	-0.00612
13	58	0.01562
14	58	-0.00679
15	58	0.00062
16	58	-0.00620
17	58	0.00464
18	58	0.00335
19	58	0.00213
20	58	0.01089
21	58	0.01649
22	58	-0.00731
23	58	-0.00399
24	58	0.00021
25	58	-0.00684
26	58	0.00538
27	58	-0.00009
28	58	-0.00006
29	58	0.00025
30	58	0.00094
31	58	-0.00215
32	58	-0.00175
33	58	0.00397
34	58	0.00071
35	58	0.01047
36	58	-0.00029
37	58	-0.00123
38	58	-0.00663
39	58	-0.00026
40	58	0.00268
41	58	0.00208
42	58	-0.00683
43	58	0.01236
44	58	-0.01579
45	58	-0.01440
46	58	-0.01929
47	58	0.00597
48	58	0.00405
49	58	-0.01728
50	58	0.01701
51	58	0.02943
52	58	-0.04667
53	58	-0.03751
54	58	0.08818
55	58	0.00853
56	58	-0.02813
57	58	0.02923
58	58	0.99148
59	58	0.04999
60	58	-0.00973
61	58	0.00007
62	58	0.00007
63	58	0.00057
64	58	-0.00033
65	58	-0.00001
66	58	-0.00011
67	58	0.00024
68	58	-0.00006
69	58	0.00011
70	58	-0.00007
71	58	0.00000
1	59	0.00033
2	59	0.00451
3	59	-0.00386
4	59	-0.00628
5	59	-0.00170
6	59	-0.00503
7	59	-0.00169
8	59	-0.00383
9	59	0.00247
10	59	0.00449
11	59	-0.00252
12	59	0.00081
13	59	-0.00069
14	59	0.00063
15	59	0.00128
16	59	0.00135
17	59	0.00167
18	59	0.00125
19	59	-0.00021
20	59	-0.00337
21	59	0.00034
22	59	0.00366
23	59	0.00433
24	59	-0.00045
25	59	0.00461
26	59	-0.00117
27	59	-0.00177
28	59	0.00197
29	59	0.00022
30	59	0.00345
31	59	0.00238
32	59	-0.00363
33	59	0.00067
34	59	-0.00168
35	59	0.00513
36	59	-0.00337
37	59	-0.00254
38	59	0.00124
39	59	0.00358
40	59	0.00522
41	59	-0.00048
42	59	-0.00352
43	59	0.00374
44	59	0.01071
45	59	-0.00086
46	59	0.00541
47	59	0.00293
48	59	0.00514
49	59	-0.00260
50	59	0.00362
51	59	-0.00250
52	59	-0.01364
53	59	-0.00441
54	59	0.00034
55	59	-0.00198
56	59	0.00120
57	59	-0.00392
58	59	-0.05276
59	59	0.99757
60	59	-0.03418
61	59	0.00044
62	59	0.00005
63	59	-0.00029
64	59	0.00043
65	59	0.00049
66	59	-0.00010
67	59	-0.00017
68	59	-0.00041
69	59	0.00008
70	59	0.00012
71	59	0.00000
1	60	0.00344
2	60	-0.05880
3	60	-0.03861
4	60	0.00706
5	60	0.00616
6	60	0.00003
7	60	-0.01497
8	60	0.02339
9	60	0.01364
10	60	0.00928
11	60	0.01393
12	60	-0.00954
13	60	-0.01896
14	60	-0.00482
15	60	-0.00961
16	60	0.00685
17	60	0.01060
18	60	0.00168
19	60	-0.00298
20	60	-0.00223
21	60	-0.01452
22	60	0.00922
23	60	0.02580
24	60	0.00041
25	60	-0.01646
26	60	0.01150
27	60	0.00100
28	60	0.00506
29	60	-0.00039
30	60	-0.01197
31	60	0.01315
32	60	-0.00403
33	60	0.00324
34	60	-0.00691
35	60	0.01074
36	60	0.00138
37	60	-0.01475
38	60	0.00253
39	60	0.00008
40	60	-0.00334
41	60	0.00083
42	60	-0.01086
43	60	0.00006
44	60	-0.00638
45	60	0.02075
46	60	-0.00394
47	60	-0.00353
48	60	-0.00616
49	60	0.01159
50	60	-0.02643
51	60	0.00833
52	60	-0.00568
53	60	-0.00089
54	60	-0.00023
55	60	0.00143
56	60	0.00109
57	60	-0.01036
58	60	-0.00613
59	60	0.04040
60	60	0.99914
61	60	0.00009
62	60	0.00024
63	60	0.00004
64	60	-0.00026
65	60	-0.00050
66	60	0.00040
67	60	-0.00022
68	60	0.00030
69	60	0.00083
70	60	0.00003
71	60	-0.00006
1	61	0.00020
2	61	0.00104
3	61	0.00077
4	61	-0.00017
5	61	-0.00009
6	61	0.00023
7	61	-0.00027
8	61	0.00083
9	61	-0.00006
10	61	0.00014
11	61	0.00052
12	61	0.00000
13	61	0.00028
14	61	-0.00039
15	61	-0.00031
16	61	0.00014
17	61	0.00010
18	61	0.00008
19	61	-0.00002
20	61	0.00004
21	61	0.00012
22	61	-0.00011
23	61	-0.00016
24	61	0.00019
25	61	-0.00030
26	61	-0.00038
27	61	-0.00021
28	61	0.00001
29	61	-0.00000
30	61	0.00014
31	61	0.00019
32	61	0.00014
33	61	-0.00002
34	61	-0.00012
35	61	-0.00032
36	61	-0.00000
37	61	0.00024
38	61	-0.00027
39	61	0.00010
40	61	-0.00013
41	61	-0.00002
42	61	0.00009
43	61	0.00022
44	61	0.00010
45	61	0.00004
46	61	0.00003
47	61	0.00010
48	61	-0.00007
49	61	-0.00022
50	61	0.00005
51	61	0.00021
52	61	-0.00023
53	61	-0.00050
54	61	-0.00036
55	61	0.00029
56	61	0.00027
57	61	0.00005
58	61	0.00012
59	61	0.00015
60	61	-0.00003
61	61	-0.99822
62	61	0.05287
63	61	-0.00535
64	61	-0.02576
65	61	0.00011
66	61	0.00023
67	61	-0.00048
68	61	0.00223
69	61	0.00007
70	61	0.00007
71	61	-0.00034
1	62	0.00002
2	62	0.00040
3	62	0.00007
4	62	-0.00001
5	62	0.00003
6	62	0.00035
7	62	0.00016
8	62	0.00014
9	62	-0.00020
10	62	-0.00022
11	62	-0.00005
12	62	-0.00009
13	62	0.00016
14	62	-0.00013
15	62	-0.00004
16	62	0.00004
17	62	0.00030
18	62	-0.00003
19	62	-0.00001
20	62	-0.00004
21	62	0.00003
22	62	-0.00009
23	62	-0.00018
24	62	0.00022
25	62	0.00015
26	62	0.00001
27	62	-0.00002
28	62	-0.00003
29	62	0.00000
30	62	-0.00015
31	62	-0.00047
32	62	0.00038
33	62	0.00011
34	62	-0.00037
35	62	0.00010
36	62	-0.00009
37	62	-0.00003
38	62	-0.00011
39	62	-0.00007
40	62	-0.00032
41	62	0.00019
42	62	-0.00022
43	62	-0.00031
44	62	-0.00008
45	62	-0.00012
46	62	-0.00022
47	62	-0.00009
48	62	0.00017
49	62	-0.00009
50	62	-0.00005
51	62	-0.00016
52	62	-0.00014
53	62	-0.00042
54	62	-0.00011
55	62	0.00027
56	62	0.00037
57	62	0.00002
58	62	0.00036
59	62	-0.00019
60	62	0.00013
61	62	-0.05438
62	62	-0.99081
63	62	-0.08190
64	62	0.09064
65	62	-0.01748
66	62	-0.00016
67	62	0.00544
68	62	-0.00440
69	62	0.00001
70	62	0.00008
71	62	-0.00018
1	63	0.00000
2	63	-0.00026
3	63	-0.00004
4	63	-0.00001
5	63	0.00002
6	63	0.00017
7	63	0.00039
8	63	0.00054
9	63	0.00023
10	63	0.00056
11	63	0.00014
12	63	0.00033
13	63	0.00009
14	63	0.00001
15	63	-0.00021
16	63	-0.00023
17	63	-0.00012
18	63	-0.00013
19	63	-0.00004
20	63	0.00005
21	63	-0.00011
22	63	0.00001
23	63	0.00007
24	63	0.00005
25	63	-0.00052
26	63	0.00005
27	63	0.00007
28	63	0.00035
29	63	-0.00001
30	63	0.00067
31	63	0.00059
32	63	-0.00069
33	63	-0.00025
34	63	0.00038
35	63	-0.00070
36	63	-0.00039
37	63	0.00056
38	63	-0.00039
39	63	0.00038
40	63	0.00066
41	63	0.00042
42	63	0.00013
43	63	0.00006
44	63	0.00074
45	63	0.00044
46	63	-0.00006
47	63	0.00011
48	63	0.00031
49	63	0.00006
50	63	0.00005
51	63	0.00014
52	63	0.00009
53	63	-0.00027
54	63	-0.00006
55	63	0.00013
56	63	-0.00003
57	63	-0.00000
58	63	-0.00089
59	63	0.00055
60	63	-0.00046
61	63	-0.00786
62	63	-0.09060
63	63	0.98825
64	63	-0.08625
65	63	0.08286
66	63	-0.00836
67	63	0.01616
68	63	-0.00640
69	63	0.00020
70	63	-0.00013
71	63	0.00017
1	64	-0.00005
2	64	-0.00031
3	64	-0.00005
4	64	-0.00004
5	64	0.00019
6	64	-0.00004
7	64	0.00029
8	64	0.00016
9	64	0.00004
10	64	0.00009
11	64	0.00006
12	64	0.00017
13	64	0.00014
14	64	0.00004
15	64	-0.00003
16	64	-0.00005
17	64	0.00003
18	64	-0.00010
19	64	-0.00002
20	64	-0.00005
21	64	-0.00005
22	64	0.00004
23	64	0.00014
24	64	-0.00033
25	64	-0.00022
26	64	0.00012
27	64	0.00011
28	64	0.00016
29	64	-0.00000
30	64	0.00042
31	64	0.00010
32	64	-0.00023
33	64	-0.00009
34	64	0.00007
35	64	-0.00026
36	64	0.00000
37	64	0.00019
38	64	-0.00011
39	64	0.00008
40	64	0.00024
41	64	0.00036
42	64	0.00013
43	64	0.00011
44	64	0.00023
45	64	0.00025
46	64	0.00016
47	64	0.00007
48	64	0.00010
49	64	-0.00024
50	64	-0.00026
51	64	-0.00010
52	64	-0.00012
53	64	0.00001
54	64	-0.00006
55	64	0.00001
56	64	0.00024
57	64	-0.00001
58	64	-0.00034
59	64	0.00010
60	64	-0.00019
61	64	0.02167
62	64	-0.08435
63	64	-0.09637
64	64	-0.99098
65	64	0.02490
66	64	0.00065
67	64	0.01147
68	64	0.01594
69	64	0.00003
70	64	-0.00007
71	64	0.00018
1	65	-0.00039
2	65	-0.00160
3	65	-0.00074
4	65	0.00004
5	65	0.00067
6	65	0.00072
7	65	0.00139
8	65	-0.00013
9	65	0.00004
10	65	0.00058
11	65	-0.00094
12	65	0.00050
13	65	0.00009
14	65	0.00016
15	65	-0.00018
16	65	0.00032
17	65	0.00019
18	65	-0.00011
19	65	-0.00012
20	65	-0.00018
21	65	-0.00017
22	65	0.00000
23	65	-0.00013
24	65	-0.00074
25	65	-0.00020
26	65	-0.00030
27	65	-0.00008
28	65	0.00060
29	65	-0.00002
30	65	0.00008
31	65	0.00056
32	65	-0.00060
33	65	-0.00025
34	65	-0.00012
35	65	-0.00096
36	65	0.00071
37	65	0.00053
38	65	-0.00002
39	65	0.00003
40	65	-0.00011
41	65	-0.00045
42	65	0.00043
43	65	-0.00041
44	65	0.00042
45	65	0.00001
46	65	0.00003
47	65	-0.00020
48	65	0.00028
49	65	-0.00003
50	65	-0.00059
51	65	0.00012
52	65	-0.00009
53	65	0.00014
54	65	-0.00026
55	65	-0.00005
56	65	0.00005
57	65	-0.00001
58	65	-0.00013
59	65	-0.00026
60	65	0.00006
61	65	0.00071
62	65	0.00757
63	65	0.07700
64	65	-0.03246
65	65	-0.96904
66	65	-0.23287
67	65	-0.00391
68	65	0.00862
69	65	0.00011
70	65	-0.00023
71	65	0.00047
1	66	0.00008
2	66	0.00113
3	66	0.00070
4	66	-0.00028
5	66	-0.00052
6	66	-0.00110
7	66	-0.00034
8	66	0.00068
9	66	0.00024
10	66	-0.00008
11	66	0.00089
12	66	-0.00010
13	66	0.00017
14	66	-0.00019
15	66	-0.00002
16	66	-0.00024
17	66	0.00015
18	66	-0.00018
19	66	0.00003
20	66	-0.00005
21	66	-0.00019
22	66	0.00001
23	66	0.00020
24	66	0.00011
25	66	-0.00003
26	66	0.00012
27	66	0.00005
28	66	-0.00039
29	66	0.00001
30	66	-0.00028
31	66	-0.00010
32	66	0.00005
33	66	0.00005
34	66	-0.00009
35	66	0.00013
36	66	-0.00034
37	66	-0.00031
38	66	0.00015
39	66	-0.00001
40	66	0.00043
41	66	0.00017
42	66	-0.00020
43	66	-0.00003
44	66	-0.00002
45	66	-0.00006
46	66	-0.00003
47	66	0.00004
48	66	-0.00014
49	66	0.00011
50	66	0.00014
51	66	-0.00008
52	66	-0.00002
53	66	-0.00022
54	66	0.00000
55	66	0.00020
56	66	0.00004
57	66	-0.00003
58	66	0.00017
59	66	-0.00050
60	66	0.00003
61	66	-0.00036
62	66	-0.00093
63	66	-0.02695
64	66	0.00771
65	66	0.23137
66	66	-0.97249
67	66	-0.00352
68	66	-0.00584
69	66	0.00004
70	66	0.00009
71	66	0.00097
1	67	-0.00011
2	67	-0.00032
3	67	-0.00019
4	67	0.00004
5	67	0.00011
6	67	0.00003
7	67	0.00017
8	67	-0.00014
9	67	0.00006
10	67	0.00019
11	67	-0.00026
12	67	0.00005
13	67	-0.00011
14	67	0.00006
15	67	-0.00002
16	67	0.00011
17	67	-0.00009
18	67	0.00003
19	67	-0.00002
20	67	0.00000
21	67	0.00004
22	67	-0.00002
23	67	-0.00005
24	67	-0.00006
25	67	-0.00006
26	67	-0.00015
27	67	-0.00007
28	67	0.00003
29	67	0.00000
30	67	0.00005
31	67	0.00026
32	67	-0.00004
33	67	-0.00001
34	67	-0.00017
35	67	-0.00013
36	67	0.00030
37	67	0.00006
38	67	0.00001
39	67	0.00000
40	67	0.00015
41	67	-0.00021
42	67	0.00014
43	67	0.00012
44	67	0.00006
45	67	0.00021
46	67	0.00002
47	67	-0.00002
48	67	0.00017
49	67	-0.00002
50	67	-0.00011
51	67	-0.00011
52	67	0.00012
53	67	0.00011
54	67	0.00001
55	67	0.00002
56	67	-0.00026
57	67	0.00001
58	67	0.00012
59	67	-0.00003
60	67	0.00007
61	67	0.00060
62	67	-0.00843
63	67	0.01527
64	67	-0.00877
65	67	0.00624
66	67	0.00340
67	67	-0.98033
68	67	0.19642
69	67	0.00009
70	67	-0.00000
71	67	-0.00003
1	68	0.00000
2	68	0.00016
3	68	0.00006
4	68	0.00028
5	68	0.00002
6	68	0.00000
7	68	0.00007
8	68	0.00009
9	68	-0.00004
10	68	0.00001
11	68	-0.00002
12	68	0.00005
13	68	0.00009
14	68	-0.00002
15	68	-0.00004
16	68	-0.00007
17	68	0.00007
18	68	-0.00001
19	68	-0.00001
20	68	0.00001
21	68	0.00001
22	68	0.00004
23	68	0.00005
24	68	0.00005
25	68	-0.00019
26	68	-0.00017
27	68	-0.00009
28	68	0.00012
29	68	-0.00000
30	68	-0.00009
31	68	0.00008
32	68	-0.00005
33	68	-0.00004
34	68	-0.00002
35	68	-0.00019
36	68	0.00008
37	68	0.00007
38	68	0.00001
39	68	-0.00002
40	68	0.00006
41	68	-0.00015
42	68	0.00009
43	68	-0.00005
44	68	0.00003
45	68	0.00006
46	68	-0.00014
47	68	-0.00007
48	68	0.00018
49	68	0.00015
50	68	0.00005
51	68	0.00001
52	68	0.00009
53	68	-0.00009
54	68	0.00012
55	68	-0.00029
56	68	0.00014
57	68	0.00001
58	68	0.00005
59	68	-0.00005
60	68	-0.00000
61	68	-0.00151
62	68	0.00216
63	68	-0.00376
64	68	-0.01810
65	68	-0.00876
66	68	0.00449
67	68	-0.19640
68	68	-0.98031
69	68	0.00003
70	68	-0.00003
71	68	0.00015
1	69	-0.00047
2	69	0.00013
3	69	-0.00015
4	69	0.00006
5	69	0.00008
6	69	0.00004
7	69	-0.00006
8	69	0.00006
9	69	0.00023
10	69	-0.00024
11	69	-0.00018
12	69	0.00030
13	69	-0.00009
14	69	-0.00029
15	69	-0.00003
16	69	0.00005
17	69	0.00002
18	69	0.00005
19	69	0.00018
20	69	-0.00003
21	69	-0.00000
22	69	-0.00004
23	69	0.00009
24	69	0.00003
25	69	-0.00001
26	69	0.00013
27	69	-0.00026
28	69	-0.00005
29	69	-0.00009
30	69	0.00005
31	69	-0.00002
32	69	-0.00005
33	69	0.00022
34	69	0.00001
35	69	0.00003
36	69	-0.00001
37	69	-0.00023
38	69	-0.00009
39	69	0.00023
40	69	0.00007
41	69	-0.00000
42	69	-0.00004
43	69	0.00006
44	69	0.00001
45	69	-0.00005
46	69	-0.00012
47	69	-0.00002
48	69	-0.00001
49	69	-0.00018
50	69	0.00021
51	69	0.00002
52	69	-0.00009
53	69	-0.00004
54	69	0.00010
55	69	0.00002
56	69	-0.00002
57	69	0.00046
58	69	0.00005
59	69	0.00013
60	69	0.00082
61	69	-0.00007
62	69	-0.00002
63	69	0.00020
64	69	-0.00005
65	69	-0.00008
66	69	-0.00007
67	69	-0.00009
68	69	-0.00001
69	69	-0.99996
70	69	-0.00835
71	69	-0.00013
1	70	-0.00007
2	70	0.00013
3	70	0.00011
4	70	-0.00003
5	70	-0.00006
6	70	0.00004
7	70	0.00002
8	70	-0.00006
9	70	-0.00023
10	70	0.00019
11	70	0.00016
12	70	-0.00009
13	70	0.00001
14	70	0.00028
15	70	-0.00012
16	70	-0.00001
17	70	0.00022
18	70	0.00014
19	70	0.00027
20	70	0.00002
21	70	0.00012
22	70	0.00036
23	70	-0.00021
24	70	-0.00000
25	70	0.00002
26	70	0.00006
27	70	-0.00012
28	70	0.00001
29	70	0.00010
30	70	0.00001
31	70	-0.00001
32	70	-0.00001
33	70	0.00013
34	70	-0.00002
35	70	0.00009
36	70	0.00003
37	70	-0.00015
38	70	-0.00012
39	70	-0.00000
40	70	0.00002
41	70	-0.00001
42	70	-0.00015
43	70	0.00014
44	70	-0.00010
45	70	-0.00011
46	70	-0.00023
47	70	0.00031
48	70	0.00004
49	70	-0.00029
50	70	0.00037
51	70	0.00005
52	70	-0.00011
53	70	-0.00007
54	70	0.00011
55	70	-0.00001
56	70	-0.00003
57	70	0.00009
58	70	-0.00012
59	70	0.00011
60	70	0.00002
61	70	-0.00008
62	70	-0.00006
63	70	-0.00015
64	70	0.00009
65	70	0.00023
66	70	-0.00003
67	70	0.00001
68	70	0.00002
69	70	0.00835
70	70	-0.99996
71	70	-0.00015
1	71	0.00127
2	71	0.00390
3	71	-0.00269
4	71	0.00020
5	71	0.00259
6	71	-0.00085
7	71	-0.00036
8	71	-0.00234
9	71	0.00055
10	71	0.00022
11	71	-0.00065
12	71	-0.00019
13	71	0.00156
14	71	-0.00051
15	71	-0.00028
16	71	-0.00090
17	71	0.00067
18	71	-0.00014
19	71	-0.00001
20	71	0.00050
21	71	0.00039
22	71	0.00013
23	71	-0.00002
24	71	-0.00033
25	71	0.00004
26	71	0.00022
27	71	0.00016
28	71	0.00038
29	71	-0.00002
30	71	0.00047
31	71	0.00048
32	71	0.00029
33	71	-0.00028
34	71	0.00032
35	71	-0.00104
36	71	0.00007
37	71	0.00053
38	71	-0.00019
39	71	-0.00004
40	71	-0.00014
41	71	0.00007
42	71	0.00035
43	71	-0.00014
44	71	-0.00013
45	71	-0.00006
46	71	0.00019
47	71	-0.00014
48	71	0.00014
49	71	0.00020
50	71	-0.00029
51	71	0.00011
52	71	-0.00017
53	71	-0.00005
54	71	0.00014
55	71	0.00004
56	71	-0.00005
57	71	0.00001
58	71	-0.00015
59	71	-0.00000
60	71	-0.00013
61	71	0.00037
62	71	0.00015
63	71	0.00021
64	71	-0.00017
65	71	-0.00013
66	71	-0.00103
67	71	-0.00002
68	71	-0.00023
69	71	0.00013
70	71	0.00015
71	71	-1.00001
